22022
-21191
-20406
21120
-30112
-31658
-16665
27256
-15842
31707
32561
-21761
19995
-4062
20830
29981
-9000
1749
-28148
6465
-30206
24964
9057
-20118
23331
1074
12892
15423
-7628
26506
-28594
-19088
-13445
16108
-16548
19539
-6374
32145
28867
28805
4127
445
30693
-18148
21152
-29019
22726
4202
14432
-32072
-695
18147
-4222
32624
11567
-15614
5982
-4379
-11260
-25990
-20341
26965
22687
28304
11617
613
22208
30453
7987
-30427
-4973
-16959
30846
26291
-29365
-1063
519
25025
6771
-28466
6409
24137
-20115
-22661
16745
-31540
-851
8316
2264
26575
2148
-31981
-23014
18404
-30934
-19166
-16812
-22424
-14492
4593
-31478
4156
808
23807
25045
-12868
-25577
-4383
27221
-1686
11060
350
-7850
-6842
4246
25957
29417
671
-31248
13655
-20386
21327
-9134
20380
25036
-21181
23299
-16012
-12744
-22416
-11258
-17435
-21075
-16353
-20390
-22245
-17186
-20037
-31791
-18043
-10164
16057
28883
-18085
9086
25186
31463
-6712
-20464
-15422
-3333
29659
-16797
-27727
6383
-10392
-31922
13664
20469
-26970
-21784
-12842
7258
22804
14863
-4831
18800
6241
10686
-18347
15202
-9033
1384
-2478
26933
255
-26952
18810
12852
11699
-17662
-7943
26474
15584
-7909
29695
30447
-28178
10680
7451
-7522
-19415
-7081
-13812
-21988
-9615
30315
-11126
-28770
-28138
-16639
-3471
-26343
15284
8195
11670
-22484
4927
24753
-21864
22443
-2025
25785
-30995
-4155
8765
30972
-10916
-14829
-1817
30479
32189
15734
-14194
-30664
23724
-13163
-7923
27587
-2235
-26519
26668
-17635
12996
21138
15880
-10870
-31640
20791
14501
-11751
984
-7958
30404
5861
27617
-9732
26755
-4255
15368
-15133
28912
-28383
735
2629
28549
-11120
-14114
24846
-17588
32579
-26678
13439
253
-27852
14042
14018
18280
7583
-25723
30011
19875
25572
-20909
27456
-12286
18700
-18392
-25031
-17062
25589
-3106
-18399
-11907
17541
13568
-16322
15253
-26619
16738
-7910
8533
20832
21779
-9582
17850
-27007
-1273
28832
5589
13157
-17025
-10456
28046
-29413
-6475
-7076
27889
10262
-13087
18145
-22188
-4473
28528
-25116
-5683
1163
8879
24746
-19835
12050
26062
28998
12702
-29619
-18008
-24628
5668
-13031
31866
31158
-26971
-25797
32716
-30409
32350
25895
-32109
-4252
-2526
31985
15867
-24414
-20752
9095
-17538
19345
-23481
28296
29974
177
15155
-22170
-5978
-26042
-17146
11718
29188
-9086
21337
-9209
-18292
26511
4373
-14626
16993
22521
2732
-29108
-30786
2359
21182
949
18068
32232
3324
-3555
-17532
27779
-17035
16292
21982
-25244
17285
491
-15134
18013
12557
24427
4007
-17552
-30523
-29849
14619
4061
-29635
-13263
-13507
-18623
-13984
-120
6002
31
-19441
-30908
-28378
-19334
-31553
24377
-7026
25656
20993
-26495
897
4253
27049
-3822
-3456
6481
11643
29439
-11265
6220
-7212
26584
-10423
27481
-13298
17720
20870
10928
-360
-22517
15053
2863
-30818
-4389
-22303
-9473
24126
-7488
-24296
11930
-6645
-20262
24644
14962
-26699
14642
-15036
834
-8654
31455
-18287
-9350
-16460
-7813
-11157
-9170
-15017
-27055
13976
9706
-30891
26923
10749
4242
-15588
-1473
13563
20049
-24351
28932
-19990
-12524
-29223
-5876
26330
9478
-21147
-13996
-19773
-29489
28085
-2388
-9055
-3944
-27843
-10464
-15086
26710
-20011
13957
1163
-8106
-4756
-27229
-22892
2065
9130
28338
20390
1047
4077
-11526
28203
-16870
-1729
-18368
10782
-22947
17042
-13777
12415
-10037
30277
29164
23664
28625
-29675
6092
-12152
-13513
-1918
-4277
9877
-21903
23210
28050
18878
-14593
-491
15777
-1232
29322
-26612
2091
16946
-13019
-26471
-19642
4969
17811
-30147
8956
32220
-24400
9657
-26705
2979
17554
29272
-32077
6939
-30591
-1929
27466
-23959
27398
8351
-10858
18743
-16848
10239
19421
-3059
-31490
-29908
-14856
-19467
3830
30358
-1451
27949
-31965
20380
28258
-32278
29614
23778
-14075
6602
-26547
-7660
9378
-9196
5054
-20229
-19804
-7191
32091
-2636
-1310
2491
-9845
-15217
18074
-15904
13491
-957
-13949
-17242
32133
-14363
17393
8991
-974
17860
-28559
3360
29255
15054
25650
27332
-13452
-28380
-14601
27862
29369
16741
-2890
19233
-21970
9147
15337
-17940
-29174
3482
30731
13066
-31802
-16269
30367
7364
-27052
-11710
-22993
4807
29776
17050
-14905
-7138
28488
-22180
-20836
3641
8802
27144
-16635
-32456
29028
-7509
4860
-25641
23001
-8772
-8048
18489
-17720
4229
-29351
-23080
9517
1465
-20523
-30694
-2066
8823
31083
4049
-4566
-20256
-30652
19061
-6690
29271
-13949
30034
29046
4591
15573
-23365
-13536
-3338
-28740
10441
-12024
25545
-1320
2638
19505
-25769
23135
23058
25333
6297
31534
-26914
-12585
-13167
27896
17254
25808
29537
4617
8666
-24351
-2769
20906
27825
31315
-10324
14383
-3787
-30655
14247
4814
-10717
-1361
7960
-10620
-4067
12082
-9916
-24728
-14812
-25632
-12238
-11973
-8258
18386
-17262
8411
-25405
18799
-2818
-29979
21195
-26738
1969
1909
25186
6349
-25747
21110
2977
-10145
-21032
31857
-1828
10636
-9385
-31224
-24486
6993
-23382
23077
-12741
24624
3890
31744
1854
-11231
10072
-13185
-10664
-8580
-13321
12468
16532
-16865
-14108
-9808
-7314
20571
10466
25812
-1239
17639
-28880
9720
26483
31035
12063
-14472
3267
27198
-25878
32618
1
30886
7396
-25995
3315
-29384
-31730
-27030
-13150
1522
-24867
-12396
-13670
12432
-15891
29429
-6449
-29993
9079
-13553
18594
-10712
3306
3665
-9234
-3219
-27961
8813
18747
-9862
-1090
-4438
-2024
-4701
10248
18288
-11966
20303
-6182
-19813
31716
-19597
6735
31317
-21728
13045
-4599
2281
-11335
-22925
-23631
7372
27274
23403
-2422
-19049
-13650
-30859
-25437
20878
-28428
7667
-3386
25105
13032
3508
13386
13860
29825
-14969
26111
-23944
-24284
31762
-20782
21592
1850
-14413
7271
20097
865
-32658
12783
31104
-16804
-2919
29012
10369
-10310
-20569
-28636
7544
2546
9246
1770
-18109
26320
8285
504
-8430
-24040
-323
27464
16486
3181
21437
14462
24084
-32499
9651
-7872
-3644
-28140
-21478
-13807
24401
-15648
-6970
-6109
-28841
-1027
19959
3648
-10589
-23301
-17749
-14705
19029
-6648
-7231
20888
25764
5218
-12848
10462
-27433
-18038
-12120
-11133
18297
-11472
-18182
-1985
17588
29622
8696
16559
-22178
30292
15457
-29420
-28992
-49
7096
-15416
-12277
-32760
2853
-4921
-649
19422
6206
589
3435
-13301
-27103
-28310
-17922
-18776
28452
-27217
-21864
676
-48
4708
6847
5075
10735
-15899
21781
8620
177
-4300
12078
17321
21352
12549
-31587
14770
18944
29435
-30565
-20382
22271
20502
30488
-21005
-30063
-10555
5212
10213
-31939
15811
-26849
19090
-19774
-13810
16887
-25748
-2053
14163
-16330
-21441
22139
-8523
23516
23264
-14665
-15748
14266
13277
-26063
18114
-4343
25916
-26824
1711
-16965
-10168
-5308
28057
18973
-15894
-8773
4645
-3549
31574
-8598
-31549
-21401
-17997
48
28881
997
10285
18488
-9302
11435
3597
-31994
18593
4914
-22920
25134
-769
-4489
-10907
-24973
25669
-17774
-16435
-32090
31975
4334
28182
-11378
654
32503
3997
1708
14249
-11290
-31195
2452
-26173
-29577
-22790
-10858
-7067
16321
-717
12125
24630
-27624
-3480
-13569
-11234
-7763
-7579
-29156
10066
-4515
-22478
-15533
-19544
-32304
-9458
29615
21621
4494
19587
26900
-12933
-14174
-21167
-29273
14246
22121
-12763
-252
-8927
16551
5648
17049
25347
4239
21157
-714
-8680
27037
6161
-9500
-20233
31024
-32650
-30425
16333
-32219
-23972
-15779
26316
12024
-6380
22772
-17400
-16543
-9893
-11714
17362
-5550
15519
6666
22320
-6204
-17247
-1936
11182
-20785
11439
-21097
18233
27424
-14275
-26562
-3246
32393
-4292
-24181
-10981
-27499
19887
-28212
-21910
-1437
15498
783
-22051
25417
-22978
9131
-30744
-25967
-13398
22653
22655
-3542
-26649
-26113
26188
21259
-18066
-21749
30099
-29708
-20872
-19161
18340
-16445
-22218
-19865
-2887
6778
-18841
12607
-11782
11012
-11703
-21177
29084
-5261
28455
26307
18005
13930
10553
-17316
12872
26191
3930
31694
23121
26058
12489
-31875
-6846
-22134
23458
-9238
2
24200
25170
29030
-1323
12470
14825
10759
31058
26800
-28042
12255
17634
-14679
28767
4914
13655
21311
16833
11830
-6165
30054
-25189
29623
-6917
-15164
-14356
19625
-30280
12299
1997
9040
12113
-22299
14249
-24583
-12245
30691
-30806
-29038
21469
25350
29018
-9040
-14058
19092
-23648
-20141
4651
-664
-2040
6855
28022
30596
-23657
-30584
-22937
-4543
19599
4817
4563
25848
-22206
-1438
-30486
18217
-24390
-3255
13148
-27985
-9951
-10496
7441
-9974
18060
-23791
9877
-22502
11146
20577
24826
23183
11995
-7102
-28970
23581
-5477
-2327
30873
-24109
-10313
20772
-10668
10968
31299
-25392
-6768
22997
2126
19153
-28099
14213
21642
13976
8501
-14221
-7020
22534
-27525
18285
-2266
-22214
-21891
12250
-8879
8377
475
-1617
-8790
-25650
4716
-7096
18419
2771
-6479
25500
31989
-1284
20864
20137
-17922
32437
-20768
-5608
14213
-28740
-21406
30293
-30752
28641
27916
17463
21494
-29275
27212
31791
32702
-16419
-24134
18071
-12093
-3641
3446
10785
16922
-180
24179
-23492
-21423
-211
-16054
-2562
-1317
-3425
-28887
16832
-32646
-23942
19430
-5375
6871
-11239
18438
-10026
30787
-15237
20137
-10783
14441
-12085
10767
-30588
-487
-11555
-8852
-15665
1791
23929
14201
-16863
-20509
-4851
-644
-28387
-22125
-12059
-26381
14178
-24839
2723
-775
9696
-12214
29626
5230
1800
17779
24993
-29158
-24652
-7180
-11917
19047
28902
-7367
-553
9115
-24120
12726
-23146
11380
-19403
-17075
3749
31559
-17134
8847
-12352
-30219
6987
-13431
16415
9593
-12852
-15030
-3861
-503
5303
-7445
25322
-23585
-734
14442
-27571
-26079
2010
29046
-15715
21881
18676
-25620
-17831
4991
16346
-12800
-16759
14311
21328
-25490
-29143
2647
22323
12186
15046
14787
9060
-22860
-31816
27307
28926
21795
-22379
19932
32286
10403
12291
11836
30619
9250
-27979
11432
16776
4990
25173
-5042
-28704
12159
30849
28528
-29726
-26286
24102
28869
18958
10125
15971
17683
-19321
29253
-12978
23057
17159
4673
20148
28648
8999
4010
-9109
-19605
16455
-6869
-17875
-21642
-32267
-1218
-24557
-26450
-24532
-27475
-5355
21100
24663
-1590
-26744
-32555
12088
9129
16028
-19858
-18417
-22076
6525
15409
21045
22572
780
10521
304
-14404
-20940
15610
-19435
32764
23448
-11356
-21706
-12688
29247
-9287
6800
-18984
27888
3506
-880
4313
-20759
13236
2122
-21459
-11338
-21841
21375
-4672
-21793
3450
27458
-19188
8727
-24763
719
29781
-15785
-9880
18452
-25913
-31402
24823
-266
15171
5897
6130
12156
-32375
9196
32054
31502
-19869
11926
-28343
17166
-2422
22210
23131
31415
17214
27365
2765
22386
-1842
6866
11651
-13034
-14954
-26911
16947
-27504
3806
10304
-8143
-11453
13372
24485
2375
22995
-17874
-24627
-16560
-29736
-191
26363
-14501
-28568
-11499
3024
-20003
12557
-15383
-9292
14942
4236
21326
15716
23791
27495
-27786
28866
2325
22256
27130
10809
8776
-29442
-15201
2985
-29232
21477
20250
27114
-10708
24687
-2858
26348
-10105
-12239
-9126
-12600
30172
5819
5029
-15825
-984
31980
-3252
30987
15817
5846
27080
-19691
-25515
15637
-5524
-12609
-7125
14644
15270
31420
-26230
17171
11591
24904
26393
24414
-11164
18842
29981
21360
20622
-26428
24444
-3852
-12149
-22858
2918
-14291
-5422
-32209
7988
19831
-12455
-5624
6777
10113
18490
-29886
-15821
-12456
-16115
32527
-25794
-24544
26856
-8389
-29530
5016
-17549
27779
-9022
-6566
-28683
22865
-17427
-22412
-25686
5641
-26434
8051
5961
11266
16806
9980
-1936
27315
-7801
-31648
-28358
7646
-4767
-3070
-30521
-26313
-9318
-10609
31120
12266
-26627
5049
-11973
-8490
27529
-15001
-4216
7985
7027
-29444
6638
-5746
-21593
15591
-29241
14130
7101
6180
-21849
-19641
20085
-19057
12460
-17905
16168
12358
-9525
7117
8242
23902
-618
4691
7810
4641
14575
-26748
-5500
14123
28575
-25177
-22082
11050
2385
-8841
25945
-7225
5571
10620
16508
19264
11378
-5303
-21241
21056
8865
25229
23816
6992
14445
-21537
28577
3755
-12733
-23540
-9020
2705
22245
-1078
-15142
-20491
-24287
-30625
-17164
-29391
5232
18549
22828
-24742
-5646
-9550
28541
3504
18752
-7052
26079
-7088
131
-32730
11834
-19239
-24337
29005
25745
-4583
-23335
-5888
-17307
24827
-10865
-25709
10703
-26574
13395
1056
15941
-25791
-21366
10417
-11561
15517
-26246
-27128
4722
-21577
27948
-1154
-23091
-28826
-29658
-5298
7188
-13582
-16447
2404
31378
12013
18759
7632
-10507
-2196
-19348
25570
-16097
14361
10731
16545
-1898
-26962
-1045
-25219
14748
21873
32350
19016
-26049
-17436
-6319
-22732
-18014
-28592
5002
-10465
9602
26872
17208
8664
-17838
5396
-12762
16379
4158
2891
-4052
-10214
30889
-23183
25030
20763
-2549
-6768
2268
8386
17564
-9861
-22890
10058
-18748
16704
-929
-23792
-13971
-12785
25707
-2
-14601
-13742
-15983
-16461
6192
-16072
-5870
-12777
14283
6903
-6092
-24896
-28030
7
-13633
1741
-23710
9936
19328
2363
-2690
-29929
9827
-4391
-14649
-18638
-22926
-18178
-28953
28204
31558
-1407
-3914
14850
-23165
-25260
26558
-30204
10197
12064
31102
-9651
-10527
4800
27655
-16911
28538
-19373
-24083
-4307
-11211
11576
-10919
30271
24785
21986
-7838
-28133
-27671
-13923
-13672
17481
23121
1972
7358
26846
14047
-23304
29398
11697
10247
26189
-18461
31745
-9151
24613
-3032
3949
-22492
10366
12080
21167
-4131
-6265
-7573
-11046
-19787
26964
-11302
10675
-32763
-22494
2762
10314
7948
-20527
14342
22836
-32567
-18216
5483
12548
-17477
-15161
6019
19047
8799
-16442
-14758
-23086
-8802
15689
29402
824
-12817
-9093
-5492
-16428
11259
25469
16968
-20409
22540
30014
23748
-13769
1417
-23182
-22960
29630
-8428
4066
-15782
-6585
1515
30259
22436
18828
19906
20270
7573
-24352
-6247
-4911
142
23113
-6757
-14941
4780
-804
13379
11622
-7992
9265
-22162
-3942
-8313
8880
-16540
-1009
297
21714
-30810
-17600
-29359
25914
13182
-3070
-22799
-30265
3837
16628
1381
5004
231
-24896
-5415
-17327
32563
-17381
-15516
9794
-8981
-32635
10768
-27184
-12148
19227
6978
-11524
16177
-24283
-14419
5927
-15058
31746
-6465
14092
-18147
6026
32200
6015
-17215
15078
-13233
30722
7322
17450
-15373
18217
-15970
-18996
-16666
-28841
-26219
-18500
6692
-21581
5844
32503
-29829
-435
30447
-30777
27135
-26244
-8983
-26864
-5176
-9763
-17881
-11096
15843
22896
8198
2843
-424
9691
-15517
12289
-4535
-25217
-1755
20416
29243
4070
-10127
-23551
26352
-19418
20511
14137
-14699
-18908
4724
-26055
27478
-25286
11962
-29316
28604
-15952
5889
30202
-32005
-30918
27448
-22225
-687
-13572
-7150
15261
-10187
25134
-11739
-1481
14081
25337
18209
-32361
17114
-17615
-15971
31995
-13812
-1728
-21358
843
-22136
1950
27083
7884
28715
11907
10491
9263
-7438
20639
31404
-14316
-23853
16574
1763
10707
32357
-27788
-23775
-14934
-15597
-24136
12752
-26351
-14739
-15494
-7508
14817
-22521
22849
-27436
22585
-1277
27490
2055
10104
-17712
-24191
-23531
-3821
14689
-6851
-13984
-1629
-28599
-8107
-24940
22550
3764
-6303
-19619
27349
-299
-27339
-16903
-974
22441
15331
-25636
5768
27324
-1461
-9013
13614
-24657
-151
-6768
6647
-5439
7913
-9597
1590
-25559
10091
18867
-8342
-9612
1632
24896
26418
-31791
-18837
-24278
17487
17275
-26732
-10378
11113
18026
-8973
24904
23544
-21392
7226
2919
29693
-16576
5895
-29214
21360
-20619
-27727
-29190
-23174
-1334
-15722
-25821
18654
8302
23740
-19755
9853
-9239
6780
2540
19944
-27814
-21387
-30028
8984
-22885
-26259
-3433
30377
-21132
25989
12517
2728
-14250
-7225
-31242
-5348
-24418
-12746
-30485
-28660
-7650
-27247
8318
-22533
-19790
-3683
-24601
16659
-11690
9789
15929
-528
-27852
-20992
-28552
-17351
7551
-1637
25611
-7693
-17829
-4047
-20361
15169
10128
-2868
13252
-24997
14699
31852
21939
6904
-10430
-31821
952
25973
17419
-23450
28979
9177
-7813
27004
-19283
15235
15303
-11461
27176
21176
11137
-22251
-17500
-3412
-19111
17247
-29171
-11189
-3532
13017
9368
-5108
21572
23129
20885
-870
6333
-825
-24598
29012
18344
-32314
20715
26425
14784
-10238
-8434
-23954
1255
24637
18821
10186
-4157
13094
16781
30535
15381
10745
16272
21839
30603
-20853
4211
-16068
-21877
27145
365
-5775
25115
22621
15507
1981
-5921
28648
30316
-16050
17500
16707
8432
-31388
-17445
13926
-26490
-19409
-16691
30284
-23625
29961
19339
30542
-29931
13242
-30552
-3317
-25601
11024
-27488
13574
25805
-2295
17662
-16682
26981
3677
15007
-22846
-14002
26299
-27489
21067
-9014
21117
24481
2539
16818
-4156
-12162
-2668
-25951
22264
24424
-8197
-13693
-6729
26512
-8500
7776
27484
12314
24920
15802
13372
-6582
7262
10666
-5155
11370
-7264
-1393
2099
4770
-13019
21577
22629
7777
-5571
-31946
-26334
-156
-17664
13622
-25012
-24107
-27260
-23555
14033
-16963
16124
6338
21930
-5569
-2375
27347
25333
917
9013
-18879
20546
-9767
10054
-1022
28968
-5354
-20185
-14494
22773
-1748
-24468
18759
-4366
-25473
-18668
12176
-14287
29084
-24310
27901
-10291
-28670
15889
-6909
29161
6888
-11975
27792
25676
32443
14600
7308
22300
2458
18491
27757
-29600
-31923
15949
-23964
13885
17276
8793
-26088
18903
11709
-26302
-23881
-3857
-500
-2735
9787
-15687
24188
25063
15275
-23356
24225
-14549
-7952
-25686
27238
-3347
-14291
5050
-10706
-6809
-20039
46
-4568
-30244
-7421
-657
-31444
-23750
22159
-11585
-30399
-25666
-27074
-1285
-14337
-5373
-15386
3361
-25538
-4204
-1314
-20421
22238
17119
-5581
-10037
13795
9195
11986
-19310
13054
16420
14517
-18957
-14635
-7862
-31727
-25078
5102
-13802
-32597
-10152
-21914
-17571
6214
-28184
4868
-10212
-26331
-8197
-26447
-6832
30902
-1610
5301
-443
-8967
24206
-26351
4279
-3216
30285
-24031
11322
15929
1760
22635
25824
21778
12251
32300
11056
1105
2617
20554
2619
-24322
14513
28885
-12011
31084
25137
15421
-21753
14037
-2781
-22685
-25029
-30052
-4220
14571
2707
13660
29304
-3025
-27310
11762
-28209
22014
-3066
16973
3388
31859
5138
-11250
28597
27213
27470
32139
-25478
-21518
25405
-15503
-1601
15342
-9136
12335
-8968
-7980
-31765
25838
5812
24561
26538
-21225
-23048
-3145
-23417
-1085
-3443
-785
11038
-20129
-90
6677
13430
-2234
18570
28553
-18061
-32761
-11367
24361
17482
-24712
19809
20011
-28719
-9964
-23771
-28468
5044
-7262
-13664
-11559
-3547
27744
-21580
-18730
17189
-18948
-7934
28034
-16570
-30873
-246
2010
-26049
-9991
31828
-28151
-5275
15721
-11486
-19565
27662
-3762
-15894
20760
20724
6149
3204
8597
-5875
26646
10393
14091
7949
-6694
24504
30462
2457
-15565
16721
-30781
29666
-29820
-19266
11485
-30918
24746
-4893
-12078
-10604
-3577
-290
-28333
-28508
-1031
2652
6127
-7103
-23683
12713
-7087
-22917
21780
20511
19908
-22989
14097
-20206
-26776
-13222
-2870
10042
-174
-9488
3911
-17110
17556
11375
30915
31918
-4005
-4703
26694
-23427
-1240
-23927
9224
-5262
22693
9334
3478
-11166
19065
-26012
-4753
-18695
23543
8572
-13174
-8902
24617
-12880
28600
14049
-17494
-6309
16202
-30596
18648
23735
7163
30633
27134
-5453
24742
-21379
-2033
29295
6671
32357
-4168
-14471
-16903
-7445
-30272
3324
-31173
-858
900
22609
8141
-26434
2746
746
32535
26711
-26611
29755
8693
-18033
-7344
-111
5086
-4073
-27026
27599
6285
20151
-26559
17946
8855
16331
23296
-7600
-20734
22723
-26660
2260
-27000
24764
-17277
-20247
22137
-10753
-15323
21166
-31556
25583
7720
25314
-21085
-9755
31363
-16672
-27290
20906
17863
-2114
9978
-6548
14647
-4764
-15254
-9520
21890
-2477
-24558
15312
19825
26407
-26729
-2563
7777
2966
25839
9096
6523
-26028
16231
25010
-565
-11015
-12154
-17435
-29310
24718
-13309
-2425
28727
15666
-13995
15750
11949
1524
-10333
30371
9855
-7056
17940
-18708
-32302
30171
27635
8002
-14593
6211
6697
31650
-1826
-25712
32630
25488
-9421
2503
-5625
-25173
10007
31956
-2052
-12308
19465
7784
6989
-28853
4716
30234
28445
10095
24697
-29055
26167
1205
21070
21919
8103
-3260
11894
-17085
14707
-29025
18913
-8697
-23409
32634
-22877
7758
-28564
4751
-20421
27318
32515
-17585
-17243
5802
-25933
22578
30185
-21370
8516
30169
8458
-17466
2190
-30035
10020
-252
3457
16306
7058
-20661
27142
-6852
-21153
-31197
15721
15648
-30338
-8347
26364
-28280
25577
21584
-7326
-29859
-16681
-13612
-11204
-16866
-11976
12156
-26459
32399
9219
4784
26927
-15995
16070
23984
21649
-6360
18567
-15658
-9394
-1659
-23529
22762
7781
519
-4939
8258
-4990
17956
18827
23980
-29540
17151
3349
13321
-16310
-27475
26222
-31966
24559
-9178
-12188
31797
3652
12069
-13738
-24434
-20762
10004
7715
-11875
14550
-23405
-11977
11226
27621
-3531
-5242
10178
-27247
26484
22782
-360
9555
17832
31795
5400
-8167
11108
13379
-32078
30546
20588
-4185
27138
11624
4583
-8188
-26548
13691
31489
-17497
31360
3460
-1150
396
17474
-13451
12106
27757
31446
5272
5733
16044
18500
-5135
-9694
-3254
-31387
-904
28905
-322
10544
-3505
28360
-8566
13382
11417
27486
-778
23709
29706
8598
-6646
-17395
-16440
17905
30089
30646
20132
15391
-12447
15826
26234
-96
-24717
-4287
-13966
-26164
-27440
18952
-24638
14387
-5839
-20831
27932
28351
-15024
12329
-3488
-22743
32379
-24479
-15381
18023
-15717
19013
-28317
-5808
-31574
-19630
4840
-11094
4548
-7103
-3740
-18033
-27455
-5966
31621
-18465
30352
31126
1980
-13686
15430
19387
-7391
-25475
-8126
15770
1251
-3506
-25317
14728
-21748
12024
-18193
-14124
8718
27321
8120
-15486
10427
-13752
-22469
-3949
-1892
14296
-2305
11185
26153
21716
9051
6390
11261
-32205
16700
-24894
13002
7130
-15238
-19660
4209
19905
-25372
5026
19895
-8455
-3804
-6013
-584
6549
6677
19077
-20373
5050
8258
-13668
14424
-27819
-30700
24157
1372
-21867
28874
-14916
-30816
6825
14981
9246
-28441
25322
23161
15712
-25755
-7381
-14802
-7528
16510
23572
23812
-4460
-30275
26195
-26515
32478
3690
16692
24499
-3148
13836
-28439
28420
21774
5054
-1547
-15125
-29567
8309
25465
23683
1333
6682
3093
10144
-4128
27746
-27973
894
17892
-28074
31298
2547
6327
2686
7735
-13020
-9335
2876
-27993
10292
-3920
23992
-11854
26883
-9732
-32515
-20798
-19136
-13707
173
-20986
-2943
-19106
13302
21894
-22599
28094
-24122
-25887
9939
11964
-2374
-1801
29414
23841
10368
-26929
-20479
24680
-5654
22293
-11431
-1934
-9648
29234
-20700
20116
4656
6689
-5307
-16161
28442
-5431
-22068
22402
-5024
-2991
-11985
8585
-10338
-11610
-9069
-10281
-5462
23109
-21709
5390
-17063
7326
11200
20299
-1367
20185
-18362
-8076
16194
-24832
-24176
3562
26438
18804
12245
-25876
32545
7468
-7309
-2665
16600
3171
-24441
25436
5923
29022
31590
-10375
16094
-7745
21122
11516
-22955
-27880
28448
24873
31169
-18243
2474
-2813
-10783
-12536
-27906
-22128
14791
-16903
4244
-30451
-2550
1409
-15224
-18504
-5080
17205
28935
-14446
19196
4508
21555
-26556
17837
3774
11935
-24136
25641
8022
5520
5389
-9129
-25833
-10597
22470
-14726
-8019
5728
8980
4739
-22501
-20993
-14677
-26185
-9824
-7231
22498
-5045
-5282
2342
-30368
-17630
14518
-4563
-19680
-4618
-4810
-19400
-8726
-18360
14331
23830
-23363
-20820
10995
3019
-17571
583
-15456
-30109
23028
6
-7482
-26957
-20494
-18577
26637
-971
22644
12830
10099
16587
-10542
-25029
-10528
6706
-6545
-8078
11298
-5438
-27092
4451
22632
-31265
-7291
-7886
-20701
-8057
-23494
30149
-20940
-3972
13657
16881
28080
-5311
1797
-24139
23216
-27586
-25930
15186
26963
21406
26518
17725
30523
-8588
31938
14582
-16186
-8420
16990
8191
-25433
-27979
11397
-3700
28019
26298
-28749
-4484
-11239
-26778
4075
28091
-28244
13650
-12430
4436
-10882
-22553
-27490
-4117
6891
22437
-31309
-14546
18316
21522
8948
5036
2974
16186
-32598
30168
1343
9322
18359
13614
23668
-26207
5146
-6599
26203
-3808
-32241
-5797
15462
-28881
7169
-8473
-31277
-2198
-19842
17659
24462
-24891
17801
-4623
-26006
6439
-23165
9155
-20735
-7197
31544
-10005
6407
22052
22183
-29805
-25739
-2584
18343
9955
-24623
-10939
32562
-2659
-8878
24662
19648
-6454
-18585
-27483
13802
30458
-12049
20158
27773
-11517
-1878
17988
17217
-14175
440
-32697
25095
21926
-9830
2659
-27474
7358
-21566
30098
-24404
9809
-31694
14669
-7282
-29835
-11934
12728
-9906
-437
11904
-13585
23259
-28692
-30870
-26861
-3707
8863
-4812
8215
-28309
32170
-7576
13516
-29885
-12685
4258
14480
-15517
15563
-22987
-32555
-13765
16153
-14680
-21816
14304
23568
5861
30360
-24305
-30926
6216
-25300
10700
-18126
8473
-24908
20831
-25735
-14799
-27796
-29547
14895
-2754
17286
19125
-12250
-6153
-30222
-11722
7692
18277
9102
2105
26802
-24175
18255
2171
-19886
-24403
27585
32657
24062
1326
-14462
-29440
14923
-25289
-14801
-12962
8546
-1423
-29132
23313
15688
-4635
18583
-18160
-11754
-14264
19323
11685
-24222
-29405
-16086
-13719
24554
26456
-8884
2777
-24002
-11853
7253
5126
24430
-24484
25547
-28400
23009
22378
10359
-24221
15617
-30318
15631
-27554
-22779
21761
-14153
27973
10389
-19503
4084
-2713
23942
26113
12070
-24063
20465
-23997
-5670
32524
5189
-17259
-11748
-13406
-22663
-29757
18590
32227
16559
24182
-11569
8105
-15398
-30325
-1261
-4213
21323
-20087
-18991
-5714
-28829
-4944
-26957
2932
-18025
-30418
21468
-26958
21672
-3609
-26229
29243
23198
13051
-15807
-21967
-32060
26695
-7733
-15163
13968
-6269
-5742
12595
29623
12597
27838
-31645
13883
-3937
-2597
-22845
-3276
-6923
-19997
-13119
-30826
-8963
19091
1630
13865
30645
-11751
-11154
-12709
-8917
-27223
28372
22509
-25038
-10615
-334
-11535
-23910
26773
2203
-29432
25284
-874
1454
-15569
8025
-16243
16331
19243
-21917
-22429
14985
-18310
3460
-16311
-2483
7648
-2297
-7892
-11729
-8864
12963
25267
4787
14184
-5973
-6631
-32514
-11707
830
-26603
30271
28324
4266
-3232
-1621
-19779
28776
5970
27623
-12958
-6372
-3002
-23260
-29686
-31541
13076
-64
7335
24216
20934
15559
25595
-3287
7654
8591
-3825
30608
25731
-4038
-23477
1235
-2344
31591
7552
-4214
-7371
-23862
-15028
-26250
7350
1463
2347
5468
21616
-16161
-4611
-22804
27181
-20106
-3696
25265
4450
-6197
14642
26779
-20306
-3366
13198
22086
-3197
-12697
31240
11793
20821
-8363
2741
-10635
-31705
-25885
16480
14661
27900
27281
-30648
-27999
-21150
282
31838
-14419
790
4220
19784
-27330
-11583
26372
6240
19315
-22952
712
-16211
-20310
18062
-11937
-6935
-25679
-23529
-24160
-5520
-24886
-13522
-32724
23032
-26184
26729
15148
31760
21855
9469
-26546
6343
-22159
9663
-12846
26584
-27781
22545
-5469
-19832
10383
3664
28719
-22300
-8255
16552
9256
-27381
27547
-9955
11409
6179
10622
-24742
18029
-32447
-2277
-22649
-8903
31503
16686
-1352
-640
-17215
-25075
-12318
-22418
-14930
25516
6580
-1169
29526
-2270
10817
-8912
-26813
-11569
2992
112
-28061
26000
11492
-29041
5631
18232
23838
13956
-7792
8408
32379
-24073
-2991
23204
13635
-4896
-28252
28934
-29646
-1555
-3021
-27628
8974
-16942
24468
1659
7543
-15823
5105
6455
-10518
2301
-9345
4742
-1778
-2361
27273
18504
-20525
-9006
1856
29319
-3338
-2540
5239
-26078
26777
32095
4240
-12396
-25484
18770
-2978
29499
27149
4989
12999
-1376
19273
-841
11770
11745
-28429
-9323
-10521
13132
8404
4383
-7092
-23178
-6058
-533
17314
15813
17346
28955
-25734
-9733
8828
9881
-27306
-7337
27159
11853
-22932
-8737
19821
8150
30942
-2888
-292
-6044
-16585
27340
-14606
-6638
-31422
-27009
-9686
17009
-32080
-15693
29227
15800
-24932
-5172
-17357
18629
2483
-24690
5798
10453
27178
-3286
11268
-7080
29800
14299
30683
-27614
28779
18073
10530
-14454
20381
26421
-23217
16144
25994
-23761
21048
-11469
-19362
13296
2090
-1455
27684
332
32579
-19182
11596
19329
-14360
1224
-23587
-7370
18249
-28180
-916
9126
20867
2892
-27733
-22822
-7899
-21364
-3857
6466
-32461
-5531
-16868
18282
-1883
-16366
16386
-32069
-7575
-13763
2971
-16641
32627
25588
31159
4601
-10208
16734
17208
9203
66
12145
-26144
-32390
-14270
-18641
-2487
17206
-25799
21271
-15234
3102
17327
-18627
-9883
7216
17630
25574
24055
-1526
-15808
21508
-20675
23898
13222
6238
-3611
14874
1567
54
-29981
-8560
-2313
-32682
15593
-1278
-9296
-5228
14364
-14187
-26891
-23711
2733
31568
1434
10306
1573
-484
-27656
-24301
9051
-31597
-26882
27705
-27650
20456
22559
3170
10698
32579
15808
-26505
-13474
29991
-21522
16051
28934
18007
3238
28221
-22232
-10331
26112
-29168
22156
12415
-13420
12032
27306
-11247
-14749
12688
7383
18674
5541
-19044
-16638
32402
23190
10394
10718
24593
-492
-5150
-13665
1882
-15971
-20921
6054
1536
-30242
8961
-23284
-3023
5968
2686
16874
-8168
8062
-31115
27962
-24328
-3190
-30395
373
-28339
10340
6243
24790
-7630
-21269
7754
26371
-29751
13996
-28435
9537
-8109
5566
6269
-31815
-8753
23625
-9979
-11047
6466
4187
-32676
847
21651
-6048
-6826
2247
20225
-9472
21354
395
9453
6928
9454
-9864
-2591
-19004
-10427
-14130
30959
21870
5165
17469
-17157
-17568
6347
-29002
18414
-10608
30682
6981
11516
-7806
21701
-29175
6014
-16992
10278
-31345
5382
23139
-8248
10254
11518
-27900
-21185
157
4570
3184
-19045
28766
-27946
-1815
-16002
-19107
-10519
26293
-31494
-29931
5440
27501
-10613
-13994
29598
-21975
25259
-30660
-6687
10086
10248
-5731
-21111
-3468
19043
-28515
25596
-27359
-18558
-497
-17403
28729
-18710
29222
-31715
-2899
11394
24447
-16205
-15455
-28077
-12812
28449
9135
6471
26616
-694
11697
28148
5177
-28859
15683
-31415
-20487
11686
-29221
-27980
-32088
10299
29239
22589
9558
19683
8602
26339
21594
15940
9616
-28062
-15442
11002
28575
-13871
12252
30182
-16969
12490
-25257
1227
31973
17808
6472
-7048
9778
27485
19239
11507
-509
-13376
14619
-4062
-15870
8948
26969
-15248
7131
18384
-30445
-12379
14443
-19775
-26308
25910
26748
-8662
22096
27412
-16772
-4728
-25897
9697
23703
-651
10024
24917
23636
15655
21540
19537
27014
-21227
28271
25594
12955
-31782
-32011
11055
-32439
-2362
28947
21707
-6364
-22648
4165
-32386
-15270
-21321
-6572
-3141
-7807
12305
29576
1531
29847
-5453
-2200
28232
15023
-6973
26223
-2069
-14395
2025
-22319
-15538
13118
16559
-30084
-18390
12172
9782
25853
-14286
28465
1262
24394
31364
25539
-30474
-7458
-25164
3590
-30337
-28323
9656
-15705
-22761
-13576
-13261
-31318
15331
10198
3405
12678
12692
-8936
8466
-27458
32408
25511
-11806
14941
-30974
-29683
20651
-14725
-28293
15752
18118
31803
13192
22487
-17569
31122
16433
31717
11793
3125
5705
9614
2830
8824
17267
11061
-24956
-20307
-29389
-16720
-31872
-18048
-21731
-26246
-22910
-22907
16372
32286
-25466
25436
-32378
-24752
9168
1838
12254
9643
30127
-17015
-27789
-11941
-7608
-2852
-1348
-28649
-29731
16569
7295
15006
-28645
19254
-19392
26574
8924
-1387
29148
-17332
-15920
22765
-20271
-25557
13586
14632
23349
-16418
21473
-21474
-928
-2552
1581
-7573
20368
-4698
8818
21378
28900
-2179
-24444
20557
30402
13224
4806
19810
4987
-20444
-15874
-25556
18295
-22666
4686
1298
25339
-15491
-1347
-14365
31469
586
5108
26033
-12660
11166
17042
-18011
30159
-23657
24894
-31750
-18119
7888
-30212
-28046
27960
6936
-1291
10145
11929
25063
21079
15420
30823
-21137
32321
-31449
-18298
-30787
-29437
-18834
-26811
-27768
22213
-4995
269
-21741
-8822
6713
13367
-32558
-18536
26805
-8844
19746
-347
-31336
10153
-18527
-14006
-10172
19512
4198
-14994
-438
4244
25451
24812
19883
-8625
19617
-31253
31765
-30161
21481
-5661
-32133
24360
-1144
-25105
18601
-13466
-2002
-20470
-18410
6561
-27708
-13612
-30684
-4916
20579
29777
-9854
29331
-6111
20126
-7065
24381
-23615
-28405
2786
25192
-21020
-22153
-9009
6392
12244
7557
-17908
-9807
-2790
8910
-14988
32161
-25337
4399
20344
-19527
19810
-23674
-22188
29025
20678
-30293
25982
24974
-5862
-1739
-26151
-3760
18165
-28063
-5368
4945
-3740
9760
24286
-27274
-29993
29431
17931
-4586
-15087
-27010
-28434
-16521
1156
-28276
7323
21982
8594
3433
-11168
-4605
18173
-14381
-23771
-4276
-12717
5766
-30797
-16381
-4464
18988
-4503
12133
-11459
-10687
14941
13639
-10384
7741
27080
6223
6561
24534
30793
25342
-20916
4017
-9521
7985
14644
-25912
10917
15385
18998
32147
-13586
-14464
31308
-669
-13483
-10643
-28669
-25663
-11710
25705
25722
3626
21267
-6533
21192
-12734
-20750
-27945
-11458
-21219
-30175
-5235
-2730
-7345
-18043
6315
-29626
4979
-12650
-7624
-11545
28865
12419
20981
-23361
12410
12045
-26700
-8949
-18187
-19939
14031
-11399
30656
15882
-8355
-6136
24722
32252
-1718
8057
-17088
26897
-16968
-1546
28510
6381
-28234
11229
-7679
-15268
6363
28332
31694
17301
-29997
-24564
10571
-16953
20921
30844
-23400
-21350
-1416
-471
-17025
-8276
-23002
18967
-16296
8694
9292
-17805
-10335
-23203
26846
9477
-18555
15355
10557
-7458
-31833
-7961
29278
-15394
24731
16582
-12344
-4396
-6645
-27639
-16101
18248
-4595
-30789
-8102
-15698
-28781
-4460
28107
22555
-31458
13458
-22685
-679
21477
8602
-2427
17640
-28126
4676
13446
28142
9254
2186
29861
1478
-26351
25173
-512
-18730
-24730
24068
-22211
7895
17728
2793
13644
-10235
28859
-11499
24938
-16320
10275
16139
-9591
26333
14271
8296
16098
18761
-3643
-25949
10066
9655
-3038
-11025
31069
-2893
-23219
20646
-17245
-28731
-13630
-24106
-9818
26158
-10090
16728
-3580
-12260
15587
16260
10924
-14290
11058
29266
-7238
27984
-12984
-10454
-12605
-31528
-26347
18724
-29470
19174
24521
30385
-25852
-3062
14970
-6453
11198
6032
-9631
8293
10890
-17165
-4223
-12228
-15350
-13664
9842
-8462
4667
7850
31255
-27647
25935
6897
-1835
20484
20312
-6627
7358
-23151
31923
18821
8989
-2665
20259
30815
12790
-11547
27712
20434
13353
2605
21685
30043
-9017
10389
-3172
-7196
27486
22916
30829
11482
-12874
31280
-30761
15063
-2500
16
4520
-1485
-28267
26596
-18256
11310
-4965
24013
-14945
-28397
27332
-26497
3039
10669
-31914
507
26303
13489
-3786
-24492
10005
-3866
-19500
-23186
-22144
-28900
-9116
26947
5345
13200
28672
-32512
-22617
-29407
-24927
31885
-18954
23066
-21445
-24010
-3294
-9107
-27954
28701
2217
1675
-23383
-2879
19470
16287
-16508
-3831
-24400
31433
-28473
818
21759
-5580
13778
8434
29076
7244
4813
2060
25163
28829
-28733
-19042
-3944
25982
-17734
-21645
23601
10992
-25295
9041
-6816
-15159
6751
-5
-10048
7447
-20227
17475
-12220
26959
4175
10075
28091
23609
10329
9030
-2428
30582
10078
5784
-27941
28433
8855
-24464
11763
-23015
1525
10255
18008
23662
-3693
-5003
-22860
24020
32507
-17810
-24927
-2200
-29103
933
-30561
19780
1983
-3171
-18079
22270
-21882
-16199
-11285
5991
30387
25059
2761
8945
-28666
27887
-11852
-18260
19562
10048
28054
-11819
4266
-14168
-13518
-24591
-11846
-8921
15414
10578
-29359
25531
3775
9125
25096
31907
23707
4286
30268
29581
9486
-6536
9432
9072
7913
9358
-4004
-19702
-24895
28807
-1909
6072
-21604
9465
28287
-25034
-19906
2496
23037
-16729
6
-20900
-6976
18330
17053
-12486
22612
27737
32559
19784
-18653
-6246
7088
-17703
-23607
16723
12002
-20044
32061
17647
32127
-23368
-7914
-18553
25628
29440
8740
16610
-669
31064
-8055
20314
10479
23484
28408
-31221
30504
29162
-11803
-585
-13038
25329
-16702
-6747
-3589
15477
17163
15770
-16305
-19767
3976
-28240
-32589
-9623
8234
1049
-12998
-28101
-28969
21304
-22770
19082
2907
-10817
32611
-18500
12730
-15205
16137
28294
-17217
26260
26223
-22512
9308
32598
-26994
4253
1970
7517
-29594
-6687
20564
20953
-18859
11047
29087
-7211
2644
18830
-12495
24375
23437
-5033
-9446
-29793
3845
-14531
17757
1615
-27140
-30949
-24454
-2053
29823
-31208
-28321
23908
21276
-10901
-381
-14392
-22114
29326
19717
-19473
14045
13772
-16012
-13394
2969
8179
17685
18969
20667
-1802
-22603
-5139
-11474
-1658
27981
4106
30665
2357
1374
0
