-10722
29046
20317
6237
14346
28512
1122
20302
-20418
7336
-22530
6658
18063
7124
-11384
-5580
-27242
-32670
-127
-17993
22419
4537
20449
-23810
17267
-31582
27146
24338
16302
10705
-237
-27159
10542
6010
4487
-13570
14568
-10460
153
28523
31848
-16896
28748
24587
-911
-29649
2252
11117
23783
7603
7548
-28956
7434
-30284
31623
6446
20766
19514
-21316
14363
12464
-6676
4396
-13977
-18671
23225
-11110
-30332
-22238
-24095
-12369
3704
-24774
-17357
26989
-5775
623
-14856
-18785
11668
21325
12034
-20109
14909
30249
993
-14526
9503
26360
-30938
-14809
-6140
21082
31610
21590
13284
-15844
-28198
19730
-22786
-10139
-11907
22771
20552
-3552
-11605
-5220
26507
-8453
-23483
31964
22217
14704
28955
51
-31128
24274
8178
7586
12706
177
18860
-27195
28377
-11333
-29770
22836
-13818
32311
-8983
-3921
21716
10420
-27372
30673
20744
24335
17745
3275
-27423
21397
-27448
25217
-25833
15242
17802
11097
29848
23061
27855
16883
-7373
28379
14056
12489
10279
321
-22678
-16810
-24304
-5019
-23291
-799
-22776
-23401
-13521
-1613
-11771
9761
-30145
15498
4684
-28471
-15104
-2182
-29120
-11004
-3474
23197
-27423
-26038
-9994
-29207
8775
-158
-20468
-27954
31269
-1470
-10143
12838
8539
25858
-32442
-27438
-32756
-12188
22163
31025
27907
-11698
-5069
-2158
-1570
-32686
-30991
-8401
3394
24025
14591
-1686
25247
1875
-27898
-23501
27246
-23167
7838
-11264
-19637
12550
-14229
18426
24641
-18158
-23487
-2322
613
-20558
15358
13409
11359
-26963
7508
1399
31820
-24706
25129
-30935
-31845
-2744
-17618
-30121
3461
19788
1020
11660
1199
30212
-949
-11739
-17257
-3861
-4197
-15476
22575
-20130
-16896
-26862
-8976
14972
-20530
19047
18347
-21425
-21929
-23567
-28058
938
8632
-9415
-19779
25950
-16568
17811
-21213
23467
-10581
-2013
7549
-4952
-25648
-4741
-15020
-20577
-14492
393
-30767
-3104
-28593
-6940
-4886
-20839
-4698
-16382
-14615
18814
-28714
-14288
-21469
25949
10086
26401
21453
20077
-12824
-29399
24469
17559
-10296
-29568
-9769
29744
20213
32316
7605
17909
9965
4656
-2238
30354
-9580
-23766
-26467
-10754
24032
28114
-17579
17937
-27726
-11619
11003
-14404
-10559
10759
-28892
-20714
-17729
18771
12566
8724
-18075
31525
-19670
-938
-2533
-18580
25408
9209
-25567
-31369
-5530
-27214
-13874
-23222
22243
-6774
4052
-5243
32465
31786
-15501
1909
-370
532
647
11464
7626
32041
-29655
-1137
29033
30335
-26640
-778
1883
-8726
20489
-18021
-25715
8524
7340
-25461
-9770
-14969
-29040
29898
-9154
14304
22670
329
10090
22683
9672
-25896
18882
-7304
4657
18240
31678
-24937
-1631
28599
-26816
4563
-28855
21984
29555
-10649
-8166
-18540
16407
6300
-7448
-14947
-5819
12747
-5062
21346
-29060
-26399
32667
11577
-32264
479
-29984
-5907
-19276
-29653
21115
5397
31754
23014
-12336
8036
-8949
24873
-1364
-6639
22338
-28945
-24191
-28855
-30915
-9984
10035
29712
5696
20888
-26482
18532
25418
-11427
4194
19989
20635
-29983
-30691
-15757
-25627
-28975
-7286
-4930
-15866
-27347
31045
-32058
13700
-24592
12130
-3934
-25304
-32084
14719
1102
6886
3493
14235
26757
18804
-21743
21440
27022
-24947
5170
-31210
30840
18370
32405
-30370
-28953
-3399
-4130
-26347
-5431
-22280
8857
-11205
-27600
8144
-12219
4214
9586
-22582
-25051
14709
30535
7378
-2413
26338
2195
21107
-28312
-9288
-10928
9820
-11590
21129
-21370
8499
2585
28557
98
-1115
-23111
-22078
-12543
3322
29178
-9923
13274
-9434
-13732
-14554
6234
147
-22193
19399
-16683
18395
-28909
17403
-32765
29947
-18746
32317
11611
-19416
16628
-15755
11392
-32308
-12232
31803
27828
26978
5457
23888
9682
-28393
17665
3809
-1224
32595
-13777
-11472
8171
-26121
24239
-23528
-31572
-6333
-25694
2712
26425
13812
-25151
-701
-21705
-2219
-12298
3561
-5730
6378
24353
8264
26864
-32262
-2953
10722
25861
12951
-21602
24097
24803
8957
-21667
22559
16765
-20441
2446
19538
-25572
12683
13289
1172
-6601
-25795
-17489
18629
740
4136
16610
5578
1586
30420
-1595
-18248
27968
-14631
-2129
-14048
29261
-24033
-18536
22411
30714
7679
-27621
-15025
31115
30690
28499
-24420
27886
-4581
20860
28668
-8918
-11135
-25381
18498
-26534
-6835
32343
-3921
902
1902
-10092
5708
-49
24
31109
-27685
-25667
-9238
1456
3564
-8235
4618
25353
18328
-27964
28553
7078
-28702
27079
-6530
-22087
13486
11048
32308
-7644
-20345
358
11006
-7069
-9833
-31085
-7362
19306
22069
-10231
-23500
32433
-19015
22540
23487
-20161
-26372
15263
-10262
-15842
-22557
27327
8036
19773
2867
22641
5634
-32091
-16473
-17900
22376
23271
-26140
-9535
8962
7448
30649
-29464
31488
-26637
4922
26602
-23873
-17756
8465
6188
-28257
27682
-1496
-14146
-12355
32586
-25326
6573
28511
-21738
30113
32712
1197
28966
-9230
9483
-4562
-24491
-8856
6267
8923
-8194
-21146
31465
18
-15859
12184
-7522
-15011
-27827
25691
19785
6267
28736
16958
-489
10232
-5967
-8389
19208
-27378
11431
16495
28945
-18620
-2568
20481
-37
29970
-16964
3342
12472
-7103
27031
7651
25600
-8628
-12306
-25068
-2623
26909
23660
-29006
29269
-19482
6417
-786
24510
-14610
-27716
-7097
-29564
7008
15264
-25457
-6637
-19000
328
23803
-31931
15468
11048
-8368
-24216
492
-9309
31965
29156
-18682
21432
13886
-1557
-1768
10244
24642
-3298
4389
-19890
67
21841
28576
22586
-11102
-28914
25094
29877
17253
-32563
-10692
-18514
-24377
-7836
-27641
-1205
20147
19207
26535
29171
17137
16740
-2459
-27963
31880
28484
23254
18644
-4112
-22924
5455
-1869
-23522
24704
10012
11324
30668
-25225
866
29961
28188
30104
15019
-4958
-27480
31342
-5204
-8070
-8036
13286
18583
28511
11166
-6332
23769
1886
13438
15644
15356
-18361
-24021
-4833
17888
9349
13848
16269
-30128
-8337
23571
-32189
25787
-6138
7380
23708
-6182
3782
-10126
4547
18574
29940
1517
-26089
17349
25679
-27666
-24999
-6466
16775
-16685
29078
-2227
-24318
18789
-21918
-25392
3032
-30818
27355
-21945
23684
-32526
5412
9761
-4490
1369
-1431
247
16296
-4959
-8411
29682
-18886
-30361
-26133
2023
-13151
-26790
26509
-6264
-12710
-1889
32041
-9786
16087
21098
21011
9364
19231
-177
23487
27780
-7855
-28655
-32674
19912
-22300
3100
12353
-2297
24314
31688
-12879
2345
-29018
8442
-22621
-1495
-24919
-9350
-24888
-10297
6454
-8196
-12411
-18519
-9542
26578
-9389
5132
28914
29012
-19166
-13099
24646
31166
-2464
-15888
-22865
-23712
25691
13969
22899
20517
25574
14968
29828
-25087
3876
12650
28604
-802
4522
20442
-19542
-24943
-1643
25773
22201
-5768
25125
10432
-30517
-10681
-29598
23162
-373
-27655
-29528
-17565
-1076
10510
-14447
12712
-15394
20787
-24513
-448
4868
-31929
28177
-3027
-10662
-31996
5012
-8805
16294
1687
-21742
-30086
-3356
-20898
21205
-11
11586
25678
15727
12388
10726
4705
2406
-21629
-6730
74
-2057
14832
20602
24179
5144
21612
-16359
-8094
-11973
-14033
22346
1014
-7806
22814
11305
3641
20771
-14169
14514
-5055
8334
26481
-5732
-16394
26096
-29060
-31359
20106
-21743
19855
-25074
-24998
7216
-31226
10289
-30010
-16503
-6007
-24651
-20727
30707
-9717
-7528
4274
16415
-32346
28069
27720
19061
-11912
-32643
-5580
25505
-20320
-1824
32322
18645
26757
11696
-13027
-15136
17092
10764
-24820
5024
-10135
10500
-31194
6435
-30420
14866
30547
630
-18482
-13693
32540
13673
-4965
28526
-6173
-8292
24404
-1735
-22056
16148
19538
-30402
2945
-17146
-31117
-16329
19604
-32314
14949
-11354
-14548
12027
-27232
14608
29313
-26966
7380
-32333
2258
-2167
-5324
25623
32753
31848
-8820
32218
-25260
29667
-27409
883
7206
-6910
-13738
-27004
21856
29641
9572
29929
-30193
21650
32109
2498
-17181
5919
-23904
-12892
-1449
26033
4939
-9447
5228
16239
15363
-955
-25225
-6142
-18953
-1012
32121
-25980
18862
-9628
-11576
10711
27691
26615
-24056
-4285
-10668
-11500
21007
-11789
-25156
14198
-9372
13394
12155
-18205
-2534
16224
-20675
-23577
-32294
30372
-20878
-32420
23708
29279
-18601
-6702
-5457
-23928
-13598
5975
-17632
32366
28293
13445
-21897
-28630
-21321
399
18476
-9942
13305
30959
27345
-26010
-1880
-8051
6058
-17130
-7375
12139
8471
5962
14553
26467
-2840
589
-7910
159
-20483
-26318
28673
4641
-11100
31664
31276
15928
-19669
27077
-20156
14302
-1380
-31293
-30622
24233
28133
11312
27815
-12972
-23083
23443
-6376
26003
-21126
-4013
2747
-32714
1681
30138
-20440
28612
-30662
-28970
1133
22177
4183
-16395
-13972
32641
3554
-29054
15594
-31940
-3678
-19377
1300
-10851
28730
-25981
-17898
-27547
-9439
-6581
30480
-15843
19388
16001
12966
21664
22086
-163
-16096
10055
20820
5732
3467
-27621
-4962
399
26122
13191
28639
-17575
-157
1247
-62
-10227
29851
13843
-17207
30586
-14909
-3645
26497
-8845
-5555
-28115
9622
-13491
7474
2630
-20553
31153
17278
-17367
30784
-3787
19252
138
24661
30836
-31800
1866
-24621
2698
3026
-3980
739
22317
-4919
-20431
-15225
26396
2778
28622
20423
26406
21711
4895
-723
11941
22168
20158
-4664
-9797
-3399
-29349
21269
17287
2695
-29042
-22975
-32422
-30315
20392
-28005
12104
-21872
-14917
17262
-15671
10207
-5011
4206
-28097
11525
21498
21287
6395
13566
22182
9909
-19535
8927
25839
13099
22147
12375
6503
-32178
5967
19021
25118
-8609
-20418
15919
55
-19072
-6407
28150
6017
-30924
-15319
28894
-15116
20222
-18561
-16733
7742
-11373
-13816
-19062
-13743
7112
29423
17902
9686
23795
31020
7571
-30799
18158
-31923
28607
-8316
30352
32456
26991
-16551
-10264
-22111
6547
9492
495
-9542
11788
22589
-4182
-13191
13199
12262
-30739
658
10016
-6991
-13212
20253
-7468
989
-27805
-25282
30727
4856
6050
-10009
29159
18570
18039
14324
26254
-5876
-16293
-30553
9794
-5134
28532
29277
19403
16723
24652
29502
17037
-26128
2926
-22973
2780
1041
-26770
18390
-3004
-6819
17253
-14714
-24030
-20721
26606
8374
-26022
9436
-20911
-24726
-12513
-21129
3262
29776
-3952
-6490
-859
-30273
29825
19647
2888
-25344
-2917
9912
20513
-23704
-19065
-12696
24878
28783
-23214
21134
13466
683
-7531
10339
-3208
22371
17991
-18805
20444
-32199
-21084
-18716
-6523
9013
-14438
10417
-27541
27795
-15456
-10896
23560
-320
-20419
-26957
-5533
22656
599
29379
21888
1235
-32365
25657
654
22105
-4483
29719
1290
-25640
-2509
8185
23631
31048
-25819
12051
-12210
30324
1838
31768
220
-27115
30508
-18983
-18187
-26430
-21586
8545
28250
-16886
-6341
21726
-32271
-15381
9896
31162
-24477
-12751
31871
10008
-8274
12910
-32448
-23301
27960
22148
-22395
27957
30533
-29435
-11908
-1247
23984
-3388
-27194
-14820
14923
-22027
-16785
4944
-11221
22910
-12699
-9782
23134
23412
13260
21281
28482
-24148
-15465
28440
-11791
26840
-11399
21284
24823
-23666
14562
-23067
18298
15733
-28737
4878
11748
-24118
20805
32620
20588
3896
-31009
1016
4530
7441
-29204
-3067
15530
-22020
-4179
21692
-6980
21029
-7012
-1086
26921
-11571
-1386
6437
-10915
6892
-12137
20935
10766
11574
7269
-25436
-15673
-9192
20293
-22181
-8052
32271
13189
-5537
-16758
22903
27054
19255
11786
13020
-18165
-1612
-6128
29755
-13362
24020
-1491
22899
14954
-22130
-7180
-32223
-4799
15987
-6711
-3684
-21649
6106
-8663
3721
16485
-23930
12403
17252
26923
19566
-12673
5890
-1493
-7776
-27594
30420
4881
-2421
-22881
-24464
-20937
-2183
-18346
-24468
22176
24636
-15496
10611
2650
8237
6881
-13629
-24510
-5339
-30904
-5612
-12473
24697
21477
-27584
-30676
-2148
16321
-29014
13222
3180
-4645
9683
8366
10195
-15678
24085
-3058
-4755
-7520
12256
-9277
4763
-21159
-18486
-27519
26545
-26640
18838
-8310
15864
1093
-9007
-20709
32126
21831
-25745
-15629
30077
-21915
-31212
-21154
-22931
-9266
-19984
26297
32629
12600
-6269
-9825
28700
19983
26010
12450
858
-31137
18035
20989
16502
-20465
-6463
-2021
-11452
22617
31965
20703
26250
-7015
13123
16873
13264
16482
22424
24268
-31840
31664
-8799
11420
-26793
17062
-32397
-9570
-18372
-14594
-25731
18758
-18748
29428
21548
12885
25158
27135
-18992
-28132
-20021
29499
-24640
-15450
17852
-23510
-17812
25791
4953
-27427
16963
-23581
1718
18771
-2265
19901
16268
-25038
-29522
14954
22548
-30602
-2344
-26038
12882
20364
11539
-29869
6752
7172
-16129
-22173
-5341
-10532
-11094
-13741
4039
5444
-18921
4872
-1691
-6219
11021
10342
21302
31100
-2299
3116
25362
-14715
-16676
10080
-12051
31443
10936
-16049
12490
28541
-18115
-19616
25235
32459
-261
15297
20342
22866
32568
6255
16907
-19870
22
-5843
-2159
-21233
8696
-14991
-3522
-30080
-18678
10300
-895
29742
-5005
-14029
-11047
-20832
-24591
29943
-4702
19340
11818
-24251
-20450
7905
27684
28667
19663
-21603
-13253
15744
18488
8917
-11840
13454
9190
-3264
-2610
31283
13003
24462
-2399
4060
-25532
4564
-17334
29968
-17140
-25851
-16247
1570
15300
3945
-3270
15441
22672
746
-9826
-27642
17171
-26359
-20140
402
9350
26802
-11127
-23513
21837
26846
-15335
11538
-3484
-27948
26380
29847
-11694
-9398
-26544
21099
30079
14658
-16383
-12159
-12184
14726
17223
24588
24967
-10936
-1506
31849
7733
3354
26136
24490
20863
-2787
-3490
-8833
30930
-11827
9467
-17228
19831
10977
-2690
18712
21826
-8155
18550
-10085
2042
24062
19078
10688
-26839
19996
-16740
26732
27515
30783
-22552
18661
-30429
-15089
-1711
18133
-12265
-12544
-24012
-7948
-13854
-32662
-205
-26916
-2820
-26395
-30106
-30309
4249
1720
-14523
24531
23292
-28722
27743
-22317
-1113
2031
-18985
-580
13158
-9246
12236
26078
18045
-15420
8214
11300
-10367
22019
8288
2024
27131
-19997
-23923
23536
11447
-15598
-5261
28117
-14875
-17328
4337
-26978
5449
-10566
-14310
30854
22235
29199
-15833
-30576
1332
20957
4082
25974
14566
-32493
11840
14720
30223
-8450
-13343
14179
23890
24899
6285
25941
23807
-25506
-11467
-8207
24674
12857
3913
24099
19749
-6273
-10902
-21836
-3685
15930
26399
-30314
-570
10749
27352
-27883
18357
-9624
-29983
5597
-22369
-5786
-26290
-29781
-18151
18508
28219
-12684
23955
5488
31349
-7181
12969
-14746
-30798
-20217
-21900
-2415
-5675
29055
24382
11584
17708
10414
9719
17534
-12346
11541
26511
8688
16917
9160
4582
-2819
10327
3516
-6196
19589
-32345
23664
-14840
28867
-24944
8784
791
15945
15759
5692
-10969
14661
-19667
-30623
26719
-12388
23802
21638
-11496
-30123
5901
-30326
18194
-12369
1626
-22629
16217
27324
-1003
1072
-5356
30251
-5050
-16366
9584
-8093
-27015
-30711
5071
-15368
-9416
25145
22503
-12418
-24391
-32298
12734
-12311
7909
-24868
-4300
-29612
31357
6658
-2892
30425
27276
-13402
-19137
14945
-12994
-25979
-2183
-29601
-2076
12686
15262
-7224
11836
-26637
-11141
19204
7866
13080
-17731
-21833
20198
7090
24154
28099
-29102
9846
36
12198
9174
-19543
2343
13013
27459
28034
31610
-25664
-13321
-3699
12714
-7831
29293
-4514
-9113
-26055
1053
3840
-2914
19434
-25950
-20029
-4069
-15667
-3756
7706
-771
15952
13000
4480
-30310
30903
-30181
14074
6790
29844
-30354
11423
21838
22286
20595
30750
-14859
-2876
2880
-9480
26407
10726
-2860
1685
9898
-30420
-1441
-26050
-23580
-9162
9709
30740
-19872
32557
-25477
-7020
32669
14806
30534
11223
-4533
30278
-23354
9216
-23886
16347
-8424
9620
28616
11048
12333
17158
15522
-21565
-3758
-5978
-22153
28415
-1611
-15460
20654
1335
-28655
6283
21315
17655
-12475
8481
8150
24964
27330
25986
17362
9080
102
-3989
-15725
9675
-5918
32453
16831
-391
26723
-4071
9499
19989
3914
14077
-16576
23682
-7709
-20222
6143
-6774
22696
10943
-1412
-21887
6753
22095
10401
-10686
23948
187
10135
-21143
3949
-9209
30394
28106
27926
-26991
6798
-13122
20531
-21214
-17197
20615
-21542
31268
30294
22065
-281
22234
3452
-17637
-20317
-12790
20541
-31972
-18237
13772
6311
-8553
5515
16306
-29317
12665
-22701
-7559
-18335
20377
-25032
-6999
1213
24515
-23165
17109
1359
-18328
-8945
17477
23691
-23420
1293
3893
20949
-8087
-21963
8529
5559
5302
-4335
26652
-19786
-9613
-4624
29857
-889
-20850
20224
20724
-15799
5374
5320
-29729
22851
19957
-5542
18652
15961
-5367
-1260
-24997
-17542
-29657
-25568
14454
-16013
-5939
21176
28305
-30874
27369
-2129
591
-27145
-16051
-14647
24476
267
-13267
-29362
21611
-27353
14288
-28790
-23551
-16555
-16488
-16533
-11332
-7310
16403
-2895
-7993
29396
5952
-26190
20184
-31421
-27497
-11088
-27309
8943
-3463
-24225
-1000
-13575
1429
-14161
15119
27416
-16968
-24421
27419
19623
-17718
-3093
-2980
17604
-18091
828
27849
23765
12323
-17173
-4070
-22547
-1247
-20730
31458
28318
-5880
19220
17730
30891
-13627
-12153
-18575
-154
19307
14794
-17955
-17818
12841
-28696
-7199
20950
-28939
24332
-5485
-1873
31063
-17651
5728
-21549
783
14776
-7520
3578
-8757
-17432
2260
1214
-5075
31123
25376
25591
-21309
11121
757
-6710
-27349
-28165
15140
-8500
-29784
-10258
673
5671
27016
-5548
19287
-26806
16576
6965
-2067
31536
-32587
13761
-6201
29924
21327
31608
10499
-21640
-17173
2261
-5504
-19761
8251
-9984
29037
210
-28126
-19023
28558
14508
21047
-18732
-7254
21117
-9284
17961
6187
-24494
-11396
5343
32477
8385
31634
-24388
25145
21343
31004
-2881
-5839
-23613
21878
-26213
286
-17613
13153
-437
-960
2960
14795
-18378
21212
-22861
-19157
-20137
-30202
911
-30095
-17865
18806
12096
-25777
17820
-7085
23864
-7711
-25259
-31510
2177
-31089
26020
3014
20202
15342
16068
-31714
15716
-12677
12675
20189
-21630
-29421
10574
-24
-20403
-16116
29834
180
24824
-22894
-29214
29352
-10185
-15945
487
-65
3679
27816
-40
25939
-23920
-30809
-24546
14130
28398
-13340
-10093
-29818
-7930
6116
30992
770
28078
-28952
7035
13664
22728
-27468
-11632
9176
-3538
13405
-17313
20678
-27674
26181
23410
14751
27230
-20557
24652
-26305
-24400
-8881
12714
18618
-30814
13820
13181
11102
-4298
31955
26033
-2219
8342
18973
30914
-31505
12636
-8763
-28105
8637
-32601
-10210
-18073
-30820
7129
31745
-8760
5077
-14614
-15900
22967
15406
19466
-24597
2464
-3017
-24527
18541
-27233
-23515
-5142
610
6571
15621
10691
9396
4417
-1459
-16412
30921
-5180
24811
7344
-7738
-31241
-16049
-21336
32361
19901
-31819
13635
30478
-28621
25094
-4673
6703
-23440
21109
30995
20077
3068
397
-14967
-31513
14195
-28520
-5384
810
23346
15539
30082
-15604
13699
-28424
21503
-16701
3334
32527
-13112
-30925
-12651
30975
-13453
-3534
30106
-32675
-27298
-23713
-8404
-28961
-751
-8030
1863
-25702
-25063
24395
26807
-7529
7427
-26445
-28959
-13630
-19459
-28718
1792
14502
-16134
-10937
4890
31035
-2752
-3445
7478
9325
-23712
-25888
14270
2078
-9121
-29485
-17488
-2190
17242
-26923
-22996
-25829
8369
30153
19216
694
8769
16371
-16592
-12385
29458
-29910
-32204
-8232
21478
-21546
20772
-3841
13793
-8703
-3312
-2529
-27541
10785
-8537
10123
2873
-20307
-26691
-17503
8078
-15226
-31156
-9639
5547
-14035
-2846
5707
9719
963
21936
-23475
15424
10071
14460
6712
-15835
1688
12413
21495
30265
8737
-15982
-15695
-9401
-4286
-1537
-31265
24606
3660
-19647
-16538
-17938
-31662
25300
12124
22433
-12263
-10491
17210
26016
21037
-14550
-7605
19451
4577
17055
-11966
-7250
-23564
-10763
-22045
-7587
22492
-12651
-15943
11914
-4161
-6213
-3182
-27089
8117
24729
-3598
17165
-24679
26356
-5009
16363
-4178
-13717
-2143
-28089
-16892
-29694
-9885
-1157
7030
-8699
7710
17140
2139
21928
14527
27367
-11220
-26310
-3895
4590
4192
32739
11337
5806
21085
21142
-16148
-1748
4931
-2932
29270
-10986
25337
3411
-27143
-12512
-5493
5706
-32015
8140
-3311
-29714
17376
-1590
-23045
16003
-21015
11010
3679
18692
-10870
19511
1422
4655
-14014
-14175
-29717
28941
17023
4263
-23139
30905
-1449
21991
-24367
3976
1578
-8966
5988
6800
17993
-5702
25497
-20100
24046
27557
16957
-15265
-19165
-15267
-25678
11415
-15010
-19635
6828
32506
-24352
-24142
27326
7756
8414
7386
-996
-25888
-6244
27758
-22066
-28647
29032
-8008
20238
-13721
13741
-31184
20169
-18867
17176
9692
-31547
21343
9689
6834
-9030
12769
21187
-23848
-31140
-30495
7415
-27689
-20995
14966
-23335
-14045
22382
-25868
-1644
-31235
21735
-24183
32152
16345
20410
31845
-23468
18520
18549
-26945
-10799
-30595
-28185
11005
-26958
26622
29430
-20540
24543
25264
-1949
-11779
-12221
-16384
-12974
31002
11197
-25164
8986
-29042
-30828
4049
28097
602
-8642
12471
17148
-346
-9538
-19119
32053
-3412
1285
-4365
-28276
10070
28887
-26095
-2392
4143
6018
2423
5067
759
16289
-9282
-24967
6359
-21467
-20023
7098
2714
-930
-9851
26612
1755
-30276
-32357
20894
30365
-630
-18010
10740
26801
22000
-29402
-29786
-13338
-26311
-10690
-25821
15964
20436
-29261
-32293
24444
13046
6023
-1048
31763
-810
6959
21698
10604
-5107
-32354
-27499
13273
6542
-1706
19389
8075
9951
6442
10080
-5045
-2840
-18491
21200
-1670
-28372
-14564
11508
21992
-17501
-21512
-15391
6427
-3745
3739
14121
-21313
16669
13660
-17806
26872
-25054
-27217
-14284
-4839
-3565
11226
-21561
-27827
28592
23919
-26233
23873
6586
-15002
-25194
26187
17382
-17145
-26333
-18885
-27119
8582
17365
-5358
-10479
14332
-8039
-5702
21772
6987
-17567
31246
-28442
12694
27824
-17615
28757
14271
-8924
7914
-21995
66
11280
-25454
-30007
14655
29698
-1775
6333
11123
7847
9223
-16521
11893
-27296
-27522
-5406
14325
-12976
22482
-27786
6191
28618
-28126
23511
30780
7993
11971
-4001
-8107
30992
28957
9317
-13071
18429
-5552
14856
-6323
-19401
-4962
5370
-6121
5855
5307
1333
28279
27531
-23526
13493
-18204
1511
22583
-5185
28767
3714
19014
-18825
8222
18450
-27958
6815
-1232
-26714
-10595
-18544
-23116
-18472
10128
-13145
12781
-29620
-30862
2202
32545
9965
374
-11614
2833
29047
29976
16517
7457
13765
-11869
22866
15142
-23420
135
17669
16180
-28245
11639
31348
25435
-472
-13253
8752
13159
13745
3391
4091
32588
2929
21301
27976
-30974
-13346
-31275
17954
29922
-19429
3793
27700
-15813
15633
-7561
32002
-31036
32581
9146
17636
-16931
-21191
-17265
24285
-20078
-17482
23450
1111
-2009
-14115
-3251
1868
-17254
1807
14687
21230
-11552
12969
-31855
22795
-21241
4988
-19723
6594
-20550
-11188
-16273
16488
8542
5033
-27057
-17666
15403
5114
14463
-16854
19515
-25263
-8239
30468
-10257
11726
-6964
-4586
-19865
-6174
-15980
5511
16280
-1524
-13423
-12771
-6285
23397
857
-27197
24396
-2232
7230
20069
-17486
25029
27221
15906
-31653
32144
-24651
24547
-26893
19117
-10323
15457
-6545
30338
-29430
-12145
-14339
-18497
16625
-14466
4880
14976
24067
5047
-23402
27054
27205
-12830
27615
-3257
-31073
22590
-17584
-4189
-13995
11582
575
-20540
-26708
4195
-4017
-19591
19904
-22711
1397
-28213
22957
26074
-30971
-29211
-23580
-23856
20014
26918
19061
-14215
-10744
24338
-15600
19942
-20727
-19022
29392
25141
546
-25547
-30441
-30238
12542
-6531
-2273
-9761
-19200
341
-17818
5829
266
1763
11016
-26621
16448
15831
22155
-31676
-20883
-29843
13470
26485
7834
17214
-27999
-31007
9692
-4110
640
9214
10093
-440
24708
292
12999
13941
13587
8219
9947
18604
-17753
-5005
-10431
-28329
-29586
14911
16791
29981
-27073
5724
-31008
-7238
-5619
-32582
-17388
-31299
32339
-18929
-17424
-26231
-14262
3587
-8105
328
31604
-15426
17533
-5127
-1862
-19765
-4032
-10304
24935
22118
2103
-2767
-10956
15070
-5960
-29871
-10302
-18347
4882
-26737
26080
-26384
15649
-7709
18617
-29352
-17906
-19414
-24101
-11072
-22401
26402
21160
3521
-15035
-15749
17517
21370
-1651
-24661
19724
14389
9941
11251
23491
-10934
1615
-3355
-13008
28434
-6596
15675
11832
13931
19442
24899
800
-6214
3204
-20732
-30448
-12494
24401
-18728
25627
-12810
-30812
-4030
20538
21633
-28857
32469
19076
23974
28237
-29824
-5698
-25202
-25366
-21840
28690
-15848
29299
16643
-8672
-29650
-19896
-14712
9644
-1559
-13416
19304
-3194
2135
-9595
-2250
29413
-25579
20468
18583
-29602
-17830
323
-30074
20480
21088
17800
8256
13731
9403
4703
10649
30136
-6868
22446
22336
30941
1241
23152
-28962
18636
-28626
25219
-13178
18115
-25573
-6467
-13077
15417
9851
19273
16903
-22136
-27716
-31318
8421
-19232
27637
-26055
-9533
-11689
26918
19713
12780
-20611
26713
10169
4702
-7828
-11128
10786
26453
28003
-21323
-31559
-22222
22101
-26869
-24683
-18330
4062
16586
6435
-17011
-13557
-30420
-29804
29957
-7218
23985
22929
-30908
415
-20032
-18552
13734
-3611
30732
-24458
-16968
-15941
-7203
17623
-12614
27568
-26226
13290
29157
-15075
-4147
15899
-1333
28718
27577
-4073
32275
-2272
-17879
31511
-27407
-678
1676
21687
-11088
-17279
-17923
22991
-16843
-11375
871
29005
8147
-30114
6916
-16508
21968
-22656
6282
31419
12779
16325
-26629
9897
-28056
-5927
31295
-11503
-13747
-76
12977
9607
-19335
-12387
5433
-1227
24386
-10265
15750
-16235
3557
32174
647
-24679
25286
7502
-18728
31981
628
-19212
-12329
9507
-25312
5571
-9815
11323
24456
18345
-3776
-10076
28132
-1236
-4663
-30234
-12432
-27056
25892
13062
7336
-31482
-27188
14858
18231
-5422
-15253
-10962
14784
-17520
13941
6579
22078
-31259
18687
11417
-15091
-23377
7596
9451
-23389
-13725
-2683
-7324
10796
18273
14081
-1180
-21277
30435
19888
17797
-6344
-16281
-16678
-19412
2789
3795
-11735
-17141
25315
-15997
30314
450
-11757
-16294
-16940
30452
-12454
-31885
3516
-109
28563
-10347
-25549
5618
-12315
18556
-21894
-30277
-8607
-32509
-2821
5037
-16956
8502
21050
-8961
-13398
-24077
4173
22270
-24988
-95
3722
6505
26043
30395
27900
21277
30549
29033
-281
23886
4351
-28351
11380
-23217
-19237
-29524
17447
-7511
9818
9092
10207
18804
24701
-4565
14441
21379
18363
-7269
6380
17144
-18664
31729
22588
-9833
-28200
29695
-26611
-31377
24858
9538
24242
-19196
32280
30919
-12040
-2790
-7723
26731
21989
-17100
-8
-24531
-30985
22641
-6252
1321
8068
9023
-16783
-2322
-19248
17381
31943
18125
2270
-11321
-2283
12663
-651
13767
-13242
-855
5691
-29974
-13065
-25998
-13252
-25090
7086
1357
25627
13751
-8538
21007
-15984
-9619
-28415
-8532
-27233
31175
28943
-16084
21371
17167
-1288
-14741
-15796
19768
27211
1517
-17279
20999
2275
27132
245
-28688
-8272
-16487
-4519
419
11071
-25904
11985
11828
-13672
-21751
4093
-32576
-20688
5163
4166
-11125
-13374
25684
-21964
-18112
-10514
5896
-6740
4972
4551
25112
-23216
16047
-18856
18706
-27328
30439
-6070
-10523
-15632
27572
-3750
-9345
16274
10967
26270
-16878
7633
-11301
-6531
-16860
-1922
1289
1835
29838
-16125
-7153
-1206
-15168
4661
25959
-15476
364
14208
-13764
2055
20842
-20904
-7900
32676
-16749
25238
22647
-13959
-19960
10926
-20440
-3644
23403
-4960
22309
21830
-4991
-29589
-31296
-17187
-32254
-4552
1623
16265
-14649
-20607
29520
-18312
12895
-22187
-22133
11468
-8850
-27883
10770
18190
-2306
-23704
6860
7837
16825
-29563
-26723
3000
10203
-28150
4588
16337
-14368
18524
6653
32641
31999
17801
-27181
-11941
-2022
-10259
18240
-6614
14877
3167
-29591
17413
-25758
-13621
-5724
-15618
-26687
-8045
-8022
15638
10174
-27860
-6917
10453
-25131
28826
-2712
-12199
-15171
-6962
4646
-12021
-19892
10652
24668
-14412
-7759
-18529
-7355
18388
-17408
-26200
-18524
-28553
15407
22448
-20620
17886
-13848
-32134
-32647
29098
-18593
-15228
12622
29160
-27349
-15048
-18914
28364
16473
-3761
3277
32638
-11714
-5607
-4827
4209
32021
4644
-10798
-23859
2928
4145
-21731
-3340
-21059
-4895
-21506
-25548
-21509
-18883
17145
31245
15875
-23750
1189
-21097
3260
-23665
5128
23084
-23415
16649
15371
1564
-27474
27661
-5069
31631
-21723
-25193
-28580
-7685
1415
28284
-21575
4623
-9548
306
-2017
23316
31298
-7618
-20804
-26483
-21664
7906
17539
-5098
1739
3014
15853
2873
3830
3575
1432
3183
-989
18199
15756
-14443
9854
-8449
-22559
4870
14685
-26734
15724
29974
-22689
10966
-2466
26235
13569
24767
-3980
-2241
-1820
-30814
23061
-8548
-9048
5604
18731
-23624
125
29172
14765
-24126
-31965
14977
18622
-15438
-16153
11451
3187
18408
-18447
16583
-26209
-12616
-20712
-15969
-14100
-19583
-10575
-15200
-22879
-8727
5201
-30347
-1352
24833
-28194
-24205
-27075
26272
2954
-29002
-17683
17583
-20321
26486
-20062
-8324
-8018
16185
-17472
19438
4597
-31335
-28668
-25623
18881
-23383
-12715
30147
-27443
-25080
-587
1567
15251
-27647
17258
-14647
-6890
-16199
-26365
-8143
27055
-27805
-10786
26446
22608
-32531
584
2993
8657
-13460
-9130
3320
14093
8772
15033
-31633
-29937
-26911
-6424
20422
20827
15291
-23753
-26849
-6042
-25146
-25392
20774
-6368
-3630
22711
-18995
-16723
-17585
7659
-6914
-691
-1214
-15662
-27919
5919
-32482
-19735
-3335
-24544
-10683
20290
-12005
9471
3456
23794
27421
-5995
9022
-18103
13099
11640
-28147
-2251
17619
25313
-23266
10092
7139
-29713
-29968
24820
-14013
-16076
-31774
-24478
-9708
-6403
-5703
17079
-19678
-18806
-6764
16618
15391
13646
28743
17524
-30608
-26058
-5777
-11503
11251
14022
-21795
-27834
29370
29510
2318
6467
-21531
-19925
29852
26696
-30051
20929
25325
25097
-9923
-236
-18510
-30720
-6860
-31243
29592
-20465
-20352
10097
19160
-4714
-4739
18110
12155
22001
-11551
18422
-14462
-19207
-17804
16573
5322
28595
5749
-2290
25439
17686
-15243
15031
-5477
-24097
12567
-4139
-29335
10204
-8303
-13413
21860
24558
16970
17792
23284
-4415
-28588
-12020
-28487
-24727
13731
-21359
18576
-31926
31631
27098
-6510
-31353
31852
-25073
-22388
-17463
16207
18674
-22237
-11387
27201
9630
-19805
11781
-4007
-30919
-11560
28189
-25362
25369
26733
15706
13297
4440
16580
29006
-10662
-25901
2676
4033
-14541
-27223
-19352
24799
16871
-4016
-12127
-32024
23244
-15416
21915
19667
28372
-15917
-2639
1701
2676
-18112
-6868
1653
13105
4191
-15291
-26271
-7674
19275
13895
8942
31935
10203
-1715
-22845
4276
-24812
24000
19671
22871
-23792
-20901
9840
-7405
24268
-12804
5228
-27096
32176
-2551
24988
-26199
19914
27873
15012
-8925
-20313
24296
-12717
-25344
-212
-23985
11352
-3143
-20148
-23309
26705
22842
30957
-16487
30911
1700
-22251
6235
28112
23820
31523
-19072
2760
-23068
-13937
-11141
-2497
-18854
18656
-31953
-11732
-12350
26542
5601
-13657
-26474
14496
-11543
6046
-17802
3421
-15106
-29177
-22189
-13095
12302
-26313
11509
8222
474
-19205
-15881
-26016
20325
-5596
7135
-25350
31016
9834
-20090
17582
-29584
23970
9310
-17362
25916
14241
4116
-3495
30170
18696
14790
22446
-5579
28223
-28255
-25836
26237
13887
29684
7078
12790
7880
799
-28214
15995
-16619
-4669
-27498
8425
-3095
-20134
30591
-7231
1257
16111
-14354
23424
-686
-15415
-12268
6580
14384
-15704
14579
-25259
1848
-1169
21107
14575
31089
13312
-32329
-13743
-27224
14662
-17609
13904
19256
28248
-6805
-18227
4039
23389
-11091
-15285
19657
-8018
-17025
-137
16818
-11177
19748
-12415
-22623
-7949
-31310
3897
-10221
13499
21778
22127
-640
13798
-32094
-1405
-23423
14093
21669
1685
-116
29016
-1413
27402
-18255
-4245
-7865
-9928
-12501
7209
-15488
-3250
560
28363
-21112
28858
14087
28215
6588
30074
-6442
-17205
-31996
-23077
19312
19859
-26096
-19085
20763
-28202
-20875
-10201
-15930
-29392
-15083
-13924
9601
-8764
-20242
32589
11775
23280
643
-32474
1868
17095
8253
13320
12197
3895
25124
9843
-1522
23807
-15312
17515
26484
-22256
-8022
-17764
8829
29005
-14289
-23930
-21760
-25063
-13345
12674
-31217
9854
2234
22843
6124
-28188
-14530
-1886
-17595
2290
10130
23323
4208
19162
-10440
4549
-4168
11039
21645
-16150
-14646
-29108
6502
-15764
29637
-21266
4493
-21974
661
-5279
18500
16424
-6867
-14471
-18972
28492
-28681
-2992
-25859
6813
2984
-13598
-27807
6252
14848
25550
-18947
-5083
-25142
6903
-12399
-10988
-9427
-14331
3474
-15275
-23454
26371
24435
16976
12576
-26094
5029
-16709
-10945
9028
11803
-13018
-24379
10074
26502
-29448
30448
18515
-18334
-449
19302
-3334
30864
-6706
-4249
-30136
-25086
-29738
10291
26806
-777
25407
21388
15242
11443
-27075
-31425
-30334
15342
25235
-18876
-11471
-9995
4124
-3327
-30539
-14370
1349
22798
24988
-19703
-15888
25215
-7578
17664
-9652
-7436
-20661
-11246
3726
-4884
-27225
-26782
-3892
20115
18892
-19763
-26645
-754
-21262
-17466
-6358
15541
1580
-4759
-5620
-15008
23749
-12968
-95
-63
-4086
-6021
-2133
-15184
-20500
8988
-15478
-19791
9846
-14013
13452
-29819
8058
15895
1806
-7627
12078
20390
25418
1608
-31682
6812
30044
-26650
-28983
12730
-21375
22698
29665
-27994
17497
28012
-12000
-22250
-8881
-27553
11479
-18453
25306
8421
-23003
9677
-11337
32355
19711
-5511
-18513
21550
9728
11009
2669
-14457
-18236
931
-27807
7202
13406
22542
16462
22255
4180
24303
17628
12521
-14918
-31270
13052
-28178
-11022
14057
25537
29160
4655
-13231
-4013
-7360
5449
5674
-20109
27327
15539
21671
10365
8607
-879
-4875
12854
-18372
3421
-14986
4183
-16956
-2161
12726
27417
15328
-21915
8898
-3867
19516
-13925
30955
25914
-6812
30237
31684
-1321
12848
-5672
-2899
15446
20302
21186
29877
11947
8248
-9912
-31949
10059
-16770
-7695
6628
23277
3237
-311
12086
-8595
31044
4478
26874
29823
30668
32163
-26494
-9946
-22065
-16375
-19915
24016
-27707
-19791
13402
26761
24786
-16977
4587
-31320
25800
20543
8544
2143
28689
-17196
8436
-20463
29759
-22495
26149
12441
20584
14487
-29313
-14214
951
31918
-6726
-293
9307
-8750
-23798
-24592
-17329
-19284
32541
6214
17093
28977
8598
-5726
-19793
-28598
-19404
-4858
-22189
28207
11549
-1553
3696
1197
-24595
25329
-22863
18008
7719
-9366
4219
-23636
-3033
-30492
3898
25849
3321
-13415
25439
27999
-12185
-14192
32224
-25363
30930
23277
30445
-25509
-23990
31714
-29757
-30676
7198
12284
-25617
2604
5743
14559
29665
26417
-15513
-30820
28485
16689
27717
10643
20481
27055
-21043
-591
-17954
-32000
-70
-23333
24509
22180
-57
15913
-30267
27443
-10506
22650
16842
-11548
16797
-14865
13023
-2034
-26036
-25823
-11570
17780
23615
-7667
-4998
-1533
-5729
-355
23212
26264
22594
14184
6487
21421
30380
12310
-4841
21851
18647
-23279
-22026
6693
14340
21949
3664
-16391
-18371
-5540
-6363
-4097
-31784
2882
22932
-22774
14153
-13674
-1219
24894
8642
-4672
-28645
13192
-28015
6571
14858
21284
29388
13171
18784
-4333
-11893
-19216
-9795
954
-27008
3556
12944
-31958
-31617
5345
-20191
-22174
-17444
-5403
-6350
-25127
20549
-11203
-6284
25939
26985
-1254
29170
-16704
12605
-10438
-21439
-28984
-10284
-31365
22121
6107
-23284
-12868
-30451
31218
-12862
28596
13505
-17177
13887
-16494
20081
20680
-11654
5889
-23390
16053
-12296
-12658
-32357
32398
19878
4351
-7683
8502
29796
-24986
15867
10792
25883
-5943
-31729
27351
-27364
-28089
-20981
29553
-1441
-31567
16055
-14767
-30891
-7662
-16555
22503
-24268
-22141
25887
4520
-7013
-22822
5680
28579
1647
-26817
-12929
28052
9386
32525
13131
-20583
15026
780
-24494
26436
18087
-26747
19189
19563
-27542
-26106
-6903
30341
-322
-14206
9143
-15172
28942
16274
20716
-5036
-7020
-2000
-17160
-1151
28095
3401
-12729
31534
5304
-31451
-21422
-25577
3217
-3434
-22594
-15725
-18025
-17845
20480
1213
26355
-24768
15071
12433
23151
30929
17478
16589
28630
13401
-8680
-6132
-825
-7517
19820
-18190
25711
-20811
23343
14680
-13845
27935
12223
-27792
-14846
-15275
19199
4218
-32332
-24456
-3954
-28609
-1125
690
-15707
-28751
-18724
-26549
-22487
-6836
25785
-8331
-27520
19464
-30265
-10941
-12148
21887
14368
17846
-6890
9742
-3077
-5085
-26396
-22791
3561
23711
-21346
-24564
14376
-29091
-21669
10930
-10405
-8724
6622
-12487
24032
-2799
-12959
-24565
17609
18834
22016
-25718
-13073
1754
-18218
-18109
25054
14478
-17167
22056
-12003
-17187
16257
-24859
27398
-23480
9412
-32751
25375
28307
21691
-5599
-19499
28687
2885
-16980
24767
-28828
-20814
-15925
5950
2228
-20258
5396
10828
-15387
-9973
-28843
-25983
22895
-19306
-19442
19672
14236
-1201
27302
-13107
6412
8136
-2871
17524
-9457
8881
-25367
28861
-23389
15900
-1652
-22811
7167
24468
19166
32291
28992
20432
1822
29564
-2536
12782
-13945
-24853
21820
-20860
-9422
3063
-5516
-14617
18041
16199
-31651
17372
-12810
-20035
-28969
22732
-353
26348
32173
-15365
-13239
-8005
-5489
-23569
20074
-26845
-4086
30940
-18357
13136
1492
21593
-2181
14695
19849
15885
-22124
12936
-24286
31969
27658
-16690
22983
-20097
-28643
-6427
-20694
-2174
-4181
5321
12033
-27970
-30165
15455
24034
7710
-32150
28193
-15582
9999
-27420
21592
21871
-15795
32419
29444
3162
31046
-31552
63
-22527
-21746
5967
3519
-27206
-24266
-71
20388
-4848
-390
-12545
-17253
-31355
17477
-31980
-19635
-32116
2607
13386
15632
-31837
9017
-22584
10933
-27179
-30880
14664
21894
18672
7835
-26694
21526
-5328
8219
-25303
17080
3010
-20863
-13901
31903
11023
17019
14865
31940
-28387
-4935
-17823
-711
-21631
23305
-21449
-24296
23209
14818
-28986
-15342
31931
-7391
-21019
31512
-16297
4444
3652
-2893
31071
28842
6289
-31444
2836
-13860
16923
4433
20103
-31522
-3735
-16006
1538
8630
-3472
25075
3234
15113
-3161
17005
10383
5820
17836
18196
16387
-641
14339
8782
-5160
19657
-20196
27556
-11778
-23253
28641
3360
20172
-3888
16882
17818
-30263
4921
21578
30454
-20702
16495
-10161
-23294
15641
-3323
-6736
6043
-5240
17818
9663
-11118
-27292
28459
-7074
-12383
18003
-23535
16182
29023
15248
-29456
1711
19086
-10295
9896
16107
28875
16047
737
18983
8192
-7162
30052
20138
-27600
15793
-27715
-25303
-15528
-27524
3697
-2548
22389
8238
23703
-7763
-14137
-18941
-28138
1602
-13521
-10374
7496
28786
23022
-13403
-18157
6543
27283
-346
-17464
-21875
12334
-9328
-28298
3249
673
29327
6588
-7598
-620
-20442
21271
26141
-32442
29293
-13633
4727
3071
26473
17567
24695
-16136
32164
-31022
24851
-9695
11250
5100
-6845
18468
-22547
-11826
4291
-26410
11210
-23620
10608
25124
15334
-29098
23741
17729
12975
-16597
-15134
26868
-16767
12355
-11602
-21506
30274
1707
1190
-13445
-16237
-10832
32084
18294
17728
8722
-26962
12705
-29848
-2389
6131
23822
13965
-18990
-11618
-18774
8826
30276
-9633
-4820
19711
30959
-22305
17413
-22731
30733
154
-32510
-14603
-19696
15976
-12308
-26210
360
-11086
-16440
-9221
-17951
-22761
3612
13175
-17479
-5308
-14952
-18090
12707
23779
-19289
-7477
-32176
-4979
2688
31334
-11426
-23059
-2871
-21198
23742
-18769
-22557
-2843
17229
28247
-1939
-3151
11342
-28256
26038
-22772
3646
31733
2765
-28523
-24872
-19095
-8077
-24943
11708
-11666
-29412
13327
14773
1145
-4778
24016
32279
20521
15947
30508
12600
-669
-1586
-4583
32144
-10542
-21746
-7143
10349
-14845
-6522
18552
25608
-6911
10446
7866
1737
17459
-16453
14548
24560
9567
-26249
24133
-20296
-28933
-17621
-20564
21510
24317
-13485
25319
-11480
5666
11080
-30441
-4037
-13693
20041
-28687
2623
9547
16070
-8114
-13304
20875
28607
29210
15088
6503
-13662
-112
-23586
30525
-26938
5479
1420
8971
3813
-13647
-16271
-25756
-28112
18678
5952
-16976
6757
10355
-10812
-16783
30500
-21822
-4685
-21176
-989
3717
-5110
-25106
19156
5519
7956
8271
-7723
30157
-26773
-9562
-11026
-14050
-1065
2705
17157
25418
-2008
17491
15048
-32409
-31211
-9393
-21640
-3904
27002
23195
4579
8683
-2236
18316
13332
5329
1296
14964
30032
-9748
31414
-19258
-4135
2158
-11129
3303
-12924
13543
-32537
19755
-5827
5257
10314
28238
-25576
20317
-24269
-32436
-790
-25436
32452
15678
2419
-16955
20454
3517
-22988
16809
8559
-20784
-14946
5919
28201
10478
6016
32747
24319
2411
-21255
23743
-7526
2562
-638
24781
-21016
-23560
-19828
3273
21086
-26172
25037
-3751
27547
-15156
3232
-11676
9326
1901
-8669
-19711
23649
23038
-7512
-980
-22803
-20251
-12259
-30488
-12512
27508
17155
-6374
-17090
6669
3225
16663
-25946
-21116
-15479
-29216
-29117
28299
420
29925
17913
23526
8429
4255
32755
385
-609
24614
-30155
14525
-26740
22277
13020
-8861
3551
5331
29590
-9697
-22821
4914
1315
-10052
1217
28473
-379
29322
11326
18524
-19676
30706
-28428
-2292
30980
-19290
-24722
-1542
-12958
12524
-26816
-5843
-9809
-708
11680
5145
-22792
1832
-14124
18293
-16895
30469
-23703
-8030
-25810
-6950
-9876
17085
18609
-29466
16250
-30387
-664
-561
1319
-21786
-28848
-6558
-31586
-17898
-18576
-26166
-8115
-31865
-28966
-27474
4837
22796
-15504
21692
-31002
-1010
-20630
-26512
3028
-5520
30671
21604
-324
4323
27383
-25264
4048
10163
-11877
10645
29713
-7640
-21664
-14712
32144
-2541
11281
-18742
10737
-32098
-5972
30639
-6463
-9107
-26973
-31926
7422
23500
10676
-5089
-16371
-15262
19410
-23395
139
-7465
3636
8998
-32125
-10923
-5237
13276
28287
-7722
-26732
30795
19988
6409
12711
262
22607
25286
12567
-14230
-1047
-18891
11953
-3047
-30130
31111
-31578
-23717
1085
-14180
-2337
3084
30935
-5739
-12951
-28209
1134
-31040
22500
-20010
-20427
-27615
-27479
26585
-26673
-9540
258
-24401
-27133
12921
3677
-23673
-10302
-9478
-25552
-15365
-27778
32589
12703
29204
-4455
20104
-3964
23942
20940
-1949
-31206
-12799
-6116
-24121
-21707
-25931
-24260
31805
27526
12909
14564
-26297
-15424
22954
20047
-6326
-67
30351
15882
-8655
-2945
31576
28451
4757
15815
-20273
27892
15519
-13803
-22480
-16129
-12239
-14477
-4783
9765
-16855
29890
5396
-10625
-1396
-32069
16539
-2677
-26595
29106
-12856
-10911
3087
-30339
1724
4311
27433
23333
19311
-13269
-8022
-31524
-5040
19761
-22996
16144
13950
10506
-20240
-30521
-28416
-9962
23939
-17544
-706
-30537
7266
23571
-4360
-11213
-8397
4971
-17495
-31598
24724
-22470
24669
25995
19141
24400
5686
8373
7359
-5447
27604
-18868
17010
-27715
-8181
28562
2233
31830
-10255
-13957
-19383
7149
18194
27854
31675
-19285
-9195
-11388
-9542
-22494
19070
24332
-4241
29205
27429
-1179
29066
-30748
-15622
11794
12352
-15118
23726
24209
-4655
26040
-3616
-23141
22397
-21936
25468
19896
29219
16506
5793
18034
14558
-5151
7439
4637
4454
9976
-11982
-15516
-5294
26588
22984
-22933
32436
16817
-9144
-31596
-16566
-4125
-1711
7824
6417
31938
31638
27948
28771
-20903
-3317
-31321
-9869
-31130
11898
16843
-4568
4889
-23996
20704
-13750
768
30008
24362
29119
-30136
-3554
22587
13558
-4936
12813
-19505
1054
13045
-2317
1565
-31841
26275
-23281
23725
-17004
-7764
-18171
-29181
17704
22615
18457
-23047
-11032
8677
-15456
12293
27887
-24623
10410
8316
-216
-21299
12121
-4696
30710
22062
-27474
3547
-32273
-26648
21194
3017
-15034
-21791
29731
-17310
12645
-23658
20568
12077
-11337
-18306
22243
17167
16470
21982
-8359
25821
2063
-32266
-15959
-8778
31518
-16994
-25223
26416
16718
-9344
17277
-22447
11504
-9709
15313
-28553
32373
-849
16043
-19766
-26833
-15780
6528
-357
19285
19532
-2625
-26947
-16743
24971
14592
-24575
15272
20021
-18414
21923
-5217
973
28103
-4967
-29795
31503
30998
567
6471
31790
6771
28515
926
-23588
16970
-8390
-17431
170
-10826
14996
-30374
-22465
-27781
21552
-12296
-28794
-7584
-31074
-23505
-30865
-1525
-22200
17958
13134
-13976
-19298
-17416
-1192
-17212
-21261
23905
8910
-17518
3966
10262
-639
24110
30910
3597
17838
24268
28591
8021
-29719
-1715
-6636
-25923
-11602
10082
12986
31861
-17058
508
16980
-32067
-17628
1854
14847
526
21195
1004
9210
-2847
-11169
3641
-7092
7402
-43
-1663
13089
-19493
3619
1427
2085
-25406
-27862
-3466
-16892
24187
32588
1384
-10071
-31581
11327
8106
-8283
14281
4675
-4037
1324
17815
-32527
-15554
-14773
-23623
8410
-21266
-20627
4861
-30220
-21685
-3460
-24783
18319
-13202
-5
21698
22914
23006
-11390
-31678
24419
-29330
-7354
29499
24982
21515
-27614
18546
17298
26033
2994
11896
-24226
1693
1424
17466
-15239
-551
13550
5016
-23060
-20683
-22212
-24581
-19848
-23603
-9087
11456
32164
13251
-19521
16640
20876
16548
27432
-9818
-5195
1495
15616
21167
14595
-7346
-11143
3169
-25979
-24728
-5555
14100
-26716
-1812
-32481
-9351
22971
-31056
-26502
-32504
20233
-5924
14437
-1556
31985
-7714
-7341
-4474
-12734
7455
30977
32121
-17507
-9024
-4471
-32711
20489
-17608
-30797
-15673
-12468
11602
-2394
11157
9377
-2881
-30371
-32125
10959
8152
-26052
-23764
-30079
-29499
14148
4063
25071
-13285
32705
28800
-31255
26038
-8343
-28690
5200
-888
17147
-19777
25590
16853
21550
-17390
20163
14156
10698
23194
-5117
3570
-28605
32496
-12469
-14452
-23914
-11261
-20141
-29030
-28448
-32446
30305
7925
24411
-23708
-8412
10717
13267
-16348
28615
-3734
25838
12281
-8169
4415
-24373
-25639
-21285
-2941
-29111
12373
23666
-3663
-1558
-26270
12743
-9716
-8680
-19926
3784
10338
-32370
-1763
-18346
1485
31108
28277
-5613
-19979
22431
8293
20547
28853
-24147
8527
-18684
-14502
-17695
-10413
31261
4936
-9061
5146
30919
-2533
-26226
31859
25561
-16987
23542
27653
-7248
13845
-32762
29364
-15025
14077
2175
-28740
27929
20006
2257
5401
-32636
201
10143
-22630
-31373
-5599
-1525
21108
25274
15486
-28208
-27768
-17488
-7593
-10848
-16137
11751
-30331
15317
24807
-12316
28571
15125
8776
14642
19848
24210
29622
-17838
-3277
6045
-30395
18487
15005
-914
-27751
-3297
-3919
-5195
23075
-27067
-9506
-11583
6751
17608
901
-28591
-13341
-12384
16298
-29372
7167
16905
-15332
32273
17512
12582
4571
-16618
17202
-15545
-5586
-16355
30939
-26285
-20342
5853
-22490
18573
4356
-26981
16126
28392
11510
-24521
5353
5701
30114
191
-11197
-26192
13884
23746
-19496
-20089
31660
-460
25609
7793
-17647
-25646
-12172
-2104
5701
27229
13343
-10825
-24046
16292
-1491
-1699
-23838
-22051
-10
5157
-10023
-23035
26762
11092
-15444
27843
31016
-3187
-13477
-25336
-27838
29541
25652
10156
17292
-13903
-1227
-18376
25024
30630
2267
-19971
25181
-25845
3150
31237
-17927
2398
32475
16594
-13916
6681
-30274
-2721
8346
28181
24429
-23714
-7000
-31269
-1012
6264
29027
-16647
3138
-4079
-20846
15780
-11087
27064
6519
-12915
-10760
8076
-26534
27484
-7610
5266
-24142
13738
-29781
13671
-11846
-26954
18653
5865
13640
19254
-30295
-18815
-458
-5041
31015
-8845
-22185
13534
-18971
27098
-7142
26256
-5187
4778
23219
-20280
-9896
-5945
19266
20667
29229
15068
20449
-16922
-30868
-402
-27809
26437
11186
-29757
-18023
25018
-32132
-22336
-16728
-6268
17830
-32176
14570
-20213
15020
-2562
3474
-25531
-27052
15332
23783
2935
13731
8497
-2219
32559
6327
-15723
10245
-32326
9628
26756
7372
6427
13732
26813
-16052
-9273
11930
11333
518
16920
-6759
512
7583
-18252
-27890
-8489
-14922
26688
-22358
2620
3673
8989
19281
17393
15050
-15166
15113
23293
7091
-12624
19227
-11893
27381
13057
28323
-19935
-22734
27271
-3151
-20861
4639
6757
20891
-6916
8516
-15863
9746
-8067
-25530
-896
7517
15403
27017
1944
-27413
12489
-15526
31403
26921
-2569
-2785
406
-16234
22371
8601
-30191
-5772
7766
-891
14234
13183
28422
18829
-17976
8461
-16104
-27865
-27349
1007
-18054
-5920
-29462
-26325
-32118
-22631
-8561
826
-8779
7626
-23466
-9059
-19087
28339
-26951
-7935
-26070
6168
21962
-4896
2712
3103
-10707
-4174
-2271
-20724
-15725
31319
8333
-29691
3351
17128
20167
-22432
21473
-14681
9624
-19016
23045
7804
-23131
-5253
-7605
8764
19313
-32379
17232
26669
19108
27584
-4220
-4375
94
-11256
-29204
-28020
11675
-11511
29209
-22144
4033
24937
-28226
-13498
-1321
28985
-19643
31409
3309
-29834
23689
-23387
8086
-13280
-28353
-29350
-12564
32751
-25209
9701
-17587
28163
10947
-13403
21912
-23603
-6878
-5034
-8402
-17003
-9281
-9366
28915
-10501
13030
12853
-5045
-24765
21936
21598
28054
-10778
-17868
-25875
4386
50
-15922
2826
17057
-31145
861
-3566
18688
-17578
-30093
-14410
15988
17354
10765
30131
11743
-18850
-32718
-10098
9297
-6294
-21124
30989
-1949
21179
5190
25184
-11784
1984
19863
-25402
19594
27718
-15198
-21540
1229
3313
9488
-8467
3381
10359
-15486
-11924
-4051
19796
22863
31082
-26137
13696
31835
-31584
-21255
22824
-31930
25033
-26361
-7649
13527
-6221
13928
4364
-23867
1825
17823
-6900
-32694
996
27869
-26669
-4282
1935
6502
6829
-6695
6954
18573
-5413
17917
-19951
-12055
23830
27211
-4583
-16504
8259
759
1459
-5383
12212
9921
5774
3767
-29418
20180
-31896
-11791
-17782
15769
-28982
2718
11088
-30733
-20388
-29336
17695
-208
-23590
31754
858
-26052
-2033
-24638
1779
3672
-17954
15621
-18415
15051
-20551
-25497
-30091
5604
-22852
27007
-13845
-23371
12150
-30659
14407
-4728
9690
26355
12852
26014
1081
3695
-2066
27563
19623
7842
-21232
-22645
26215
-10083
25076
652
23873
13863
14470
-26438
3749
29930
-18020
-27687
-2789
21478
11247
545
-31570
27757
12059
-23124
24328
23302
-3814
-26167
19408
26104
12581
10140
-29154
19820
3724
-23332
-14729
22759
-31165
-8012
-878
-4178
1829
31476
-17985
-17662
365
1751
25525
15208
-30666
31352
-1023
-22315
6080
8201
-18636
17264
28979
-6198
29182
9956
126
-6196
9066
20420
-31915
8186
-811
-4238
32758
-14030
-27473
-4283
-30497
19731
20742
21926
-14502
-7227
31666
8365
27174
-179
-1638
-15826
-17994
-30810
-28985
32289
875
-21851
-6075
-1020
21539
-3490
27409
3420
13925
-31014
8812
-25910
-13994
6217
-32269
23462
-21371
22580
-15303
19870
-16438
8670
-12317
-18287
-17714
-19331
17205
-25528
1645
4584
3730
-30126
-15603
2287
-17821
-15531
2
17227
-21797
-17129
-3848
-25735
6973
-17706
-8757
8567
-27494
31052
5948
24729
28091
-16897
-20205
17944
25581
-6030
-32561
-15780
17227
13519
26365
-141
-2731
-11570
-818
-16288
2615
22482
4154
-27541
16372
-30737
-23733
417
10956
-30347
16516
-21265
-1589
-25861
-4996
10816
5616
-19080
11350
18517
-7389
-32389
18566
-10102
12799
-4231
-19880
16020
-981
-25488
25104
-2823
-13711
14181
-485
13670
3922
-5766
-19859
17453
9242
29780
31571
-20965
-9664
31470
-22896
-599
9125
-23051
20749
29155
3455
-31462
-29148
-9014
-14639
-20674
5259
-16344
-24290
-6043
25315
4366
29988
6740
-6932
-4660
19948
-14207
24004
11816
-20532
-7745
8504
-7637
6034
1970
7413
29182
-18429
943
-20939
-17827
-31095
6520
-30659
-32437
-10688
-24766
-31762
10905
10583
22190
11692
24778
-29172
8177
-18048
-28679
18008
14921
29089
30691
-27931
17697
-22508
-22203
4171
9417
20159
29225
28445
-16336
-15480
-11202
18585
-23134
10677
-27055
-19794
-25795
-11802
-29898
2031
-77
1987
-17694
27825
29964
-27156
-20606
-755
-31446
1656
-32008
-4431
24453
2795
11216
-16940
-27740
10745
-7261
-3144
11212
16830
-19137
-25842
1011
-32572
26492
-16215
10550
65
-13781
12449
-23883
-10737
4573
-1454
29350
-28516
-15819
-30454
-27104
-23155
3152
28064
28145
-21373
17096
25331
29559
-32291
23940
-1081
5029
-8934
9921
23805
17131
23673
20868
23630
5591
3849
10376
-13958
20344
11800
4901
6098
7215
17241
19740
9928
30785
-23507
22805
-22954
29097
9558
-14485
-16840
13552
-11880
17027
4936
-28169
23650
-11090
-19810
-10000
-30137
-3341
434
14985
23744
-30336
-24527
-4745
-16760
22396
-32523
-14553
16350
16078
10858
7148
19786
31438
687
13350
-7030
-27812
21351
11439
13760
-716
5625
-6879
-3465
23210
30229
-17827
-12945
-26963
17096
-11408
-29725
13542
-7268
22948
9896
4393
4899
31699
-10008
-988
4768
-18360
-8370
-12876
-4628
21866
4560
14164
4321
-26973
31561
14185
-12361
12665
-5269
-19457
-32006
16086
29994
6566
11414
22010
-20948
-2011
29721
-3939
-25399
30748
-25193
-10690
9521
16171
18255
-27264
21036
28858
2667
-2724
5294
-20269
-1681
11498
-899
1489
19990
-14297
27848
-15065
-17773
-2952
-23206
-29665
-6934
25726
-4898
21765
-279
14733
7582
3671
-13097
-10032
-11041
22029
11814
-31647
16644
-27749
12325
29851
5725
14087
-10115
-26359
14106
16158
30717
5322
5913
12939
-4776
-3410
1824
-266
29909
32449
-28664
-22090
-12773
14898
31734
22465
-31269
20728
-1281
-18491
17781
29778
9877
-15781
13906
20218
10437
-19243
-11069
-55
1215
14742
23659
-22283
-4376
20030
14853
-9676
-20253
129
-21910
6449
19257
31839
31316
-7000
-17750
17645
16437
-23393
-8520
-15681
-31518
-10946
-3222
-12947
-8410
-3347
23848
-29289
19609
-7351
-27893
-28405
85
20823
-12772
-29301
-16003
-1794
-32675
16502
-23580
-16793
15368
17073
-4358
-23850
-2063
-22239
9290
10128
19578
2749
-9006
4369
19389
18728
-30420
5570
-30241
-22042
-2481
-2736
18695
-13244
-24817
10988
-23143
-15692
-19343
8519
24902
20450
30727
-5618
14122
-11716
28416
13627
-31647
9088
12297
-8315
-1310
21672
9952
-14992
-21395
-31143
-7995
13302
-9336
-22796
19935
28853
-15348
6016
22892
-19995
31698
-21892
-30570
-14285
22865
5589
32680
-2185
18642
-4463
10063
15128
11321
12702
20190
-20426
3067
27074
-26996
-26151
-7662
-25224
29290
28180
-20918
-9188
32699
21567
26681
-16649
-20227
19172
-9519
-1663
-13936
22680
-25142
6669
4035
-5036
16227
32397
-17933
32068
18134
-1161
1929
-18881
-13442
17134
4379
-17878
30271
-17018
30413
-23650
11989
-5602
749
5343
-1520
10645
-11560
-19069
-11643
11613
-18706
7311
-17736
-18781
-11977
-32393
-10530
-32547
972
-11860
17491
24291
-1014
-15168
13429
-24151
-12153
-1932
-22549
16499
30563
12338
-24895
30705
29429
-1458
14007
2689
9314
-13877
-1229
30832
4639
9813
-11192
-7840
-20115
8401
-24962
9398
-27728
27026
-32353
-28431
9970
8685
-29450
-16124
-83
22151
14391
-1861
-21951
-13542
-27210
-19361
10609
17212
-11247
29802
17217
17077
-6670
12582
20438
-27393
-32741
-17382
-7554
12608
-32319
32190
-5604
17962
18055
-14369
9451
2153
-31421
-8166
-21128
-28256
27594
4471
9527
-3679
-3195
2057
-25854
31310
11710
-17347
-17061
-28163
8289
-1778
2814
10275
-28118
21649
8652
28760
14419
-19321
3764
26701
-29
22768
233
15601
16237
-16763
-18734
25256
25953
-19613
-3410
10442
5618
-30623
-18084
26764
-15627
2873
-17204
26393
-16113
-20280
17049
-8918
-32676
-24730
25941
-5709
-30363
3139
-27058
25728
7175
29947
-28483
-1626
-3024
7495
3014
-16589
-14430
-10883
-31085
32159
-1201
2467
20785
21871
-23216
13871
20902
31494
20973
23387
24162
-9409
-32625
6450
6589
13122
-19143
-3890
30247
23746
-4871
-30197
-16786
-8305
-13821
5771
16254
-19890
-7308
28568
24396
18127
18692
15787
13650
-28599
32580
-2612
30927
-31976
20429
-30737
31751
9945
22905
-8483
8655
-29599
-21310
10674
10500
566
-23607
-23880
21019
5861
16719
-9227
494
4001
-28671
18407
-9899
-23030
3929
-9310
18139
23465
940
-18849
-3485
24155
8587
-1612
31410
2068
30305
17180
-21454
28671
-5532
21257
9844
25972
15262
12937
9560
22853
15981
-10322
16467
-20833
-5252
20359
3800
12822
15047
30540
-12900
3147
11229
9855
-22550
32349
-5443
32409
24306
6076
16117
22119
-8415
24861
7023
-24537
-24202
13818
85
355
4939
4747
-26140
6010
27577
-27841
11660
22200
-28029
-9754
-7507
26007
-17536
1957
12153
-2541
-14162
-28460
2405
30864
-18471
15281
-22296
-6745
4060
18126
-9156
2623
5436
-1346
-12196
24919
-4028
19932
-9356
2724
-18608
23243
-5208
14027
9714
-12097
-20380
-3654
-22596
19092
-31036
-31413
17965
-18961
24992
18454
29966
30439
22299
12437
5793
-29898
-1343
13332
-1069
29324
-5741
27272
16368
-20082
-5084
12718
28183
-20691
-20627
19106
-9342
19233
21664
1327
29383
-24849
18042
23660
14231
-26146
2176
24478
2738
-4283
13803
-23144
-8629
31582
-26726
-27999
-4648
-25324
8980
-25906
-15805
3697
-32447
12864
-24299
-11007
22512
-9096
10146
-10080
-31933
-156
-24203
-21717
28835
-9678
-29235
21316
-6999
-6775
5390
-23156
18411
-530
17998
15560
27265
26516
637
-3136
12689
18171
29287
14924
21302
-14456
-18084
7390
18701
19463
19385
26259
7667
7357
1286
-30613
-30387
-7825
-25525
-7498
-13596
21353
-19965
2909
-12465
-14149
13727
31644
-18254
-17686
-13748
24920
19840
-7107
-24396
-10114
17005
24932
26861
32251
-30549
-16738
19348
-13139
29635
-31580
-13252
-10629
-26119
-8424
16554
-21671
-24016
17904
4507
-17067
9967
-31061
2504
-12602
-5261
9837
5447
13678
30604
-2614
22198
73
-9472
-9971
18972
14158
-15726
8944
-6871
-22455
-17025
7564
3268
-22767
-21168
-11404
6499
17652
-1315
28164
-846
-445
32051
20653
-4947
21181
19353
-14625
25963
-6265
-17411
-28459
-29082
29198
-23977
-7161
-17469
-1809
-28689
15240
-2088
-11262
2723
25005
13941
20380
29725
-4770
24735
32260
31561
22758
18697
-22845
29008
-22079
-3236
-18229
-6423
15332
23073
5083
-12476
-26752
-27774
-12488
16856
12757
3036
13295
9210
-6778
15118
11054
-25755
23153
-21576
-14348
20774
15338
-20918
3373
-20189
24424
-27146
-16351
20254
-25635
17900
32348
9178
-11563
-7918
-5559
-15194
27124
-32140
18908
-28964
24364
-14048
1229
-27918
-12254
-1580
8241
-11098
-4358
9119
32232
-10719
-7801
-23129
396
19421
13354
-12637
12591
30423
-13226
-17609
23104
9568
-27729
6436
24366
-3111
22970
-26785
279
26178
-7737
24525
-19584
5429
-17046
4493
-22713
-32432
25982
-2475
12316
31067
26263
-5606
-655
31196
-29603
12223
-11976
988
-6201
-31417
-23223
-24248
-16382
20481
23067
-28443
29655
900
-26114
13854
9654
-22504
-17805
17307
-10649
8034
-31352
10889
-21025
-18665
14948
-27321
-16203
24046
21701
7005
-9523
25980
-19495
2669
-27084
16117
1612
4403
-2195
25160
-25599
-17914
9502
-2207
15669
-26786
5529
-16162
27376
29770
-22379
14333
-6368
-27558
8954
-21088
27260
-17649
-20717
-633
-31723
-23640
-23167
-6013
30671
-28132
31213
5022
-12476
-2091
4085
-13952
23967
-31901
26371
23014
-3704
-21499
-744
6587
18642
31034
19313
-12671
8638
20644
-12717
-32090
25692
-9826
28750
19619
10832
3076
23922
-1222
-13199
948
-13689
9175
-11626
271
32227
22881
23594
22668
-31650
-25865
10708
14372
-29354
-4470
15364
30210
-12337
-21100
-21445
-17723
-27970
-11240
23587
29817
29209
24743
15492
-28186
-13276
-26357
-18777
5956
-505
-19575
14560
-32539
-23764
-707
-28901
13823
-20268
12029
9123
14489
-23391
4880
31001
-8326
-22262
15752
23931
23253
10269
-32153
14217
12401
30900
11723
10669
18290
-1880
-26714
15093
7306
18432
26517
15051
31014
31708
19030
7640
-7298
13471
-101
-10588
10271
-29000
3186
7206
17104
3275
10846
8499
9233
-11059
22613
-28212
29194
-24819
-18153
3736
3939
18691
-11455
18028
24156
28753
12351
-29579
-3002
21401
-26376
-12840
12386
31147
21122
-8336
25785
-18405
21361
-22835
10382
-9885
19569
-1380
-28755
22624
32014
27516
-2837
-25602
-1354
19211
-21626
-28007
-12460
-32538
11147
-6193
9357
18658
30600
22295
-17774
-14469
-6110
-13103
-17118
-32357
7734
-12442
19954
11078
-16938
3309
-16416
-1611
-5025
32485
2139
-21316
-26125
3019
14046
30035
-1494
-19337
-18842
-24890
5252
22624
-5020
-11923
-26007
-7634
-16878
13124
-29348
-17779
-23777
24765
-28013
13333
-7650
13912
31864
-1683
-9650
10817
-14347
-8274
-18949
20959
20194
3862
22597
-25868
30366
11645
31406
20074
-9528
-18877
-8031
-22101
14479
-23875
-25345
-13125
-7717
-26616
25764
28554
13530
-31505
10277
-3526
1376
-22173
-15363
-4572
-12770
-6985
4170
-7554
12516
8494
-651
-17378
-12133
-17718
15560
14221
-7939
-9091
14272
-8989
16506
-21167
13289
-13329
7010
-12974
-28122
-15425
30720
32726
-17529
-6389
16529
-20441
12315
-3430
-2829
-28983
9117
-1477
31856
1712
-6584
-12070
8036
-31962
28743
-22121
3200
-11994
1558
29782
-27531
-12173
-13825
43
8042
-26449
13358
-13809
-985
-5440
-15849
30755
8988
-16315
27799
24560
-17618
-7193
-23530
29711
12259
23649
5097
-14718
6397
-16904
-30470
18491
20084
15205
30189
3153
-11820
-31696
15673
12234
-23150
7193
-332
21835
-21335
-24633
1528
3802
-27022
22829
15640
-26645
16826
-8690
12870
28713
-30492
-24845
-2871
-30622
-75
32460
-4326
17504
-31325
-24268
-6499
-25739
12370
-11241
-23490
-5739
9014
11235
-22734
-7327
12432
-15093
14968
-16421
-1566
32683
25311
22267
8069
11663
7141
25144
32184
8036
24401
20551
21012
-8221
16051
-23456
21229
-16144
19105
-12080
1309
9717
-28365
25489
-7534
-7370
22969
18572
-25031
11187
-15455
-13811
3221
-12872
8774
-313
24401
22776
-31945
75
8207
28431
11005
29740
-20442
-15830
24389
32110
-31625
-28566
-32303
-3931
23025
8419
-27881
18300
27898
-15310
-8344
22562
-4472
-11669
-9817
-5385
20463
-18079
-16365
8443
4116
11705
-2202
-6075
-12168
10265
16336
-30005
12553
24243
-8537
22477
22015
-1378
-31585
-130
4357
-23464
20974
396
2002
27097
31763
-14276
13349
-12702
-11570
19121
13545
1817
24683
-22294
26432
-17786
24995
19849
-7446
-26784
-20397
17623
17208
-8873
13096
28280
-10394
-611
-17298
-4934
54
25748
-30997
-28096
15088
4975
15548
-17561
-16172
9102
23012
6514
-22432
12960
29769
5347
12563
12223
-10881
-28909
-24438
-13867
-1638
-24369
21831
20643
-7145
-19646
-3804
-27030
-5135
-4495
20611
-22732
-29133
858
6829
31311
17289
1743
28532
-29219
16402
-21660
-115
10029
6501
-18365
20785
5918
3395
27832
-27763
12148
-6489
19728
366
-4515
26549
27957
-30354
-8952
25802
9614
-13708
19839
28502
1867
-6097
-8429
27770
20494
32320
-8471
-9984
27008
30821
-4244
863
11499
-12499
-6241
15972
14567
-2352
5872
-15591
25900
-20651
9339
22796
-9159
-6978
-12661
3401
-18038
24627
1959
16164
-24032
-22648
19295
5167
8483
-1983
-4773
-9061
-17339
-18837
28492
-13255
24011
12790
-17493
3480
-27357
22449
18527
-18060
-20605
-19099
7321
18542
307
8246
3880
30217
-48
-13461
9169
1737
-17102
-4162
-14699
4901
-14885
-5652
-3316
-22388
27600
-5895
32350
-32070
24673
-2755
236
29433
-19234
1535
10681
-3407
14737
15012
1015
-2887
18881
11886
-22090
26635
-1250
2685
-18758
-165
-3179
9898
17474
18632
-5443
10638
-11221
20800
-18997
15157
9059
-24084
-20058
-16851
31279
1546
19268
413
22009
-8639
-9785
5551
-13738
28553
12997
15011
-18029
28426
6823
-10297
7905
22457
32670
2691
-456
27491
-5227
16243
-32051
-6978
-31203
-30411
-24292
-10200
14287
-1101
20659
20201
-20295
13349
-31649
17036
1276
31300
-14023
-11989
1837
-31129
-4831
3622
-25648
-23770
2142
-15965
-12467
-30708
-4333
-4033
-12526
-19010
-6893
11191
-7413
4183
20917
-2375
1575
-13332
-9277
5410
-21635
-686
-23620
29910
-25624
-817
-19600
23727
-30244
-32166
17336
-1540
24256
5018
-30405
-10270
23936
-5546
-30549
-20861
-8173
-6563
-4427
-27775
10614
15477
14879
-18579
1245
17946
14481
-1361
-15901
30460
-21940
-9929
-15983
-16628
31709
7664
25619
24296
-4822
-30336
-9390
21915
1907
12525
29361
-25309
30627
-7601
10745
14111
1343
-15971
28212
-25824
-26087
-10615
11256
19956
-4495
-8002
29924
6810
28855
-28658
30490
20614
20376
-15451
32324
-1861
7048
-193
13596
13679
9138
-19128
26246
-30516
-7893
-32318
14071
-2928
-29696
-16451
-18010
-12330
30270
-21175
-11136
12644
-22525
-31831
-30475
10763
-23656
-10713
30605
16764
-17725
-1008
-21036
-25817
17285
25677
-13605
544
8905
27392
23282
-15078
-13454
-23737
32398
-28075
22797
-13054
21057
4906
-28734
-30577
189
30389
31648
8349
-4180
-14094
11749
-28720
-8433
-23949
22952
10764
27864
-24672
32647
-10579
-15784
18837
-13197
20283
-27234
-16063
-32743
19832
20208
-17167
9903
-24375
-5373
-20870
16143
-4095
28079
-3748
11368
23141
-24765
11998
18169
-17325
13088
8497
24932
17577
9776
-31368
8376
23423
-16533
-27129
-701
-25015
-27024
-10936
20902
-22653
20797
15308
3893
-2222
-12481
3172
-19111
-21534
-22548
15000
-25905
-20043
25127
8318
29263
-14681
-2411
-26959
19143
-9742
15067
17317
-4806
16722
10299
10714
-16282
-4909
-26879
-2395
12009
-19894
14649
17616
21543
28704
-17485
29396
-18269
29551
7130
-22729
26400
-20140
-1790
-21424
12386
-16241
14220
86
23627
30549
8824
-7535
-4042
-658
-26166
-31837
29541
4662
-3113
-21110
-19756
-3703
-29389
3909
13031
-25218
315
-9735
-31063
-30751
23255
-17063
20324
16744
11460
-18464
-22488
-10498
-5325
-27622
-21161
-15974
-20321
24922
12457
29697
19395
-2163
-111
10851
-9912
-15800
-19537
26483
-14507
-30215
26400
-5689
-23232
-1430
-13318
-29521
31022
6802
3253
26920
97
25131
32403
-30193
-1983
-7335
15282
-21547
22804
-7937
22410
7032
-17389
4230
12437
17347
-8059
24022
-11240
21066
-8246
10010
15732
1175
6920
-19542
24654
28666
31765
-3012
7405
-31144
-2419
-14502
28443
27822
-23049
-22350
-14313
3360
32242
19551
-20634
-24292
-18436
15236
-28773
-22280
-16683
-25039
-28967
3969
-9985
-7900
14117
8208
31211
26566
12524
7702
-27465
4692
4727
13534
15482
17161
-15077
11511
23539
17365
10119
-4008
-5910
-19808
20955
2627
21166
-16658
7572
3436
16799
-2484
-16222
14085
-29363
-28914
32607
26837
14196
-868
-9602
-9379
-20924
2683
27504
7944
7913
-22691
-10554
-3695
19621
-15727
-16185
-15405
26586
18657
16641
-14304
-21326
27890
-16127
-11242
23954
14480
-28141
28209
11836
-29522
6395
29024
-13930
1471
-15631
12553
30901
17605
-30071
20327
8200
477
-18791
9083
1350
-10144
-22740
2931
20461
-6656
24820
29762
-15749
-27166
18453
40
-6882
9655
-26466
17246
6837
-18732
25890
-28643
2282
-24925
-21048
27428
-5030
-31581
7561
-29648
13475
25319
-15394
-6614
-3246
28519
26930
-22883
20940
-17952
-31261
-8531
-25989
-16585
-3878
460
8012
30235
16642
-11351
-6016
19331
2182
11774
-14167
-19213
27715
31561
26280
27652
2855
29604
5528
-22192
-2893
-31240
4539
-13262
9181
-16810
3273
-30567
6296
11325
25573
6249
8354
9648
8132
-13314
10920
-25739
23797
-6220
29502
-30025
-8906
6397
341
6468
-22401
15670
8887
-27277
-14016
23916
-28496
3630
-27069
12149
13928
28218
-12767
16227
17354
22025
28412
-30547
7004
-22399
7175
29088
-4952
21494
208
-32212
22084
4684
-29924
-22350
-20679
-25805
6487
-23953
-9878
-6889
-27059
15363
14239
30613
-3899
5186
-25557
29924
24527
24643
-18268
-9676
25970
-19282
19511
16907
-17973
-20166
30970
-15125
4058
-19378
-17709
-28318
-26423
-29649
-3862
22123
13697
-31683
10197
-9
30092
-13067
-28712
16989
2447
26243
14229
-3178
22139
-17145
-23857
-22331
-17161
-11676
-1310
28610
-20344
1594
26246
1806
-2066
-14229
-21753
-22652
-13265
21136
4065
-30301
-9231
8757
3903
28850
-30551
7742
-14677
-29015
-24338
18190
15139
19739
1494
-20446
23042
2350
-25134
-9407
-14763
30990
-21338
-14121
-9986
875
-27869
-4208
983
-27193
4992
4354
24435
16268
-9192
27691
30411
-20075
12002
32241
12459
3034
23591
11846
19183
2888
11994
29154
22429
-28249
11978
6142
20353
-6176
-8723
1159
-28001
6800
-23699
294
-16761
8766
4335
18387
-3924
-6936
22137
26610
-32351
26767
22255
-2766
-14293
-9801
-11622
-14323
-6911
-30044
25893
-22199
-577
-6969
-12863
21111
-22480
-23038
28114
-28741
1888
-13419
-31769
30493
-48
-2602
3888
-31200
-1619
22787
709
2724
4477
-18483
-31538
-14635
29964
22206
-25415
26483
24709
23265
-26403
16238
24507
2651
32436
-1882
26867
-11461
12914
25609
4776
23312
21456
18344
-13043
11128
2943
-27071
-23333
334
-24115
-27954
16769
-11464
18919
-15691
-15137
-2297
30589
18414
28963
-14220
-5165
103
22440
16542
-17984
8281
-3516
23092
2659
10917
-24213
15817
1521
16400
-20995
-28888
-16366
-15910
-1988
24841
4170
24797
15878
-2291
10476
-11082
-9883
-19186
28643
-5991
30664
-27087
-23400
-13348
5851
6827
21007
16231
21604
26387
-9131
-24679
-9784
32356
-24662
3832
21377
16928
12575
-20803
-3577
-8208
31080
-29436
31839
22831
-28263
-2384
8196
30881
-21370
14579
19402
-29598
-14488
-21484
-25016
-1738
-23733
31924
14542
-6935
-12163
-6944
13775
-26320
-10012
-16587
26000
-13101
-10879
-16121
16909
-1931
24025
-18500
15831
13078
19110
5481
1772
26399
-7938
-1064
-3550
-11927
496
-11597
18419
-8021
30276
-10169
25809
31569
-11244
15793
-15647
15496
24259
2946
-535
24930
-13897
-18527
-21022
24378
-17479
6353
21834
1488
-11238
-16134
-17126
-7694
-13105
-13776
17350
22770
5194
-20515
-17170
23463
268
31203
3169
-10252
25299
-24451
21426
-20019
11246
4846
-15364
20632
-17103
26529
4399
12765
-4775
5587
-6005
-23003
-2843
6922
32637
-28727
-11108
-19395
-16853
-23426
4956
9733
5326
-29110
-17407
9494
-24774
-8786
7644
-14040
-11611
-9686
-26885
30915
17688
-9051
13689
14817
10344
14478
-14470
-8843
-22689
30614
-25386
15024
-2339
14905
-660
14525
14440
-12777
31164
-3144
3243
-4782
-1955
-8278
-15471
2056
14990
3342
30524
-12340
18286
30120
9025
9170
-8870
17723
-27392
19050
26561
19821
-31142
-9959
29734
-23924
-20343
-26493
29497
-15346
32515
-2909
20092
-5935
-16637
21057
30633
-14750
21126
738
3399
-4434
-12047
26052
2561
15631
28185
-8711
32630
-29806
-14215
-22542
17387
-29145
-14824
7193
-7533
13444
-1987
25643
-16090
18931
1874
18977
15860
8628
18170
-3612
-25129
-13605
-19149
-22982
-23897
-25684
-29837
-14597
-6459
3610
30499
1623
22437
-28043
3381
-14724
-31001
-28132
3345
-29614
15325
19585
28290
9386
12375
-8091
9562
24389
6606
23969
26935
-2980
10538
2205
-25189
15164
-7667
-23374
-6983
-26988
26549
1416
18987
-10226
21528
-23640
27885
-29105
-31078
17455
4249
30730
25193
12417
2413
-73
-17256
-5568
14403
29901
23771
15947
-15055
-9834
3255
30434
-3543
-5275
4366
-26026
-29605
-28683
-32277
24097
25843
5801
-21558
25967
21272
23528
-17068
27661
-2148
791
18239
-30126
-28364
-13954
-28006
-3859
-22540
-26117
3445
28619
15738
27467
32363
-2381
-5705
15638
-6657
21079
-22167
25635
-8498
-30702
-28067
8764
-22234
-16453
-9617
17804
-16679
-16604
3204
-25601
25193
7707
30757
-30903
-11571
-2006
13676
-18095
28285
-1555
6804
12849
24155
-366
-30069
28095
-24760
16015
5320
-20742
-4554
23221
32535
-1026
-10612
26484
8726
-1553
-20287
-4469
-13366
20313
16396
-4519
16673
-26767
-29977
13321
-29973
-13676
27660
-6533
-21934
8039
-6173
-5397
-15104
25166
18940
30831
19027
-13786
-4499
2283
3848
-30139
-21299
-20246
-11274
-6743
-2541
28809
-3103
-22745
22337
-26028
-9708
13933
-19713
-20206
-13268
27693
-27063
15572
12558
-939
-31360
-4564
-9268
-2481
5696
-26867
-3586
-22973
17310
-30866
-10880
-21724
-28805
-14213
16231
17701
5938
-20324
16931
2361
1165
-5233
23992
-29304
-17069
29436
-10714
17045
-1510
29459
-2674
-7002
15852
15320
-27908
14720
15935
-24676
16763
14697
-22245
-28038
-11705
-26672
25501
18329
-23535
17326
9961
-18474
-1873
-5422
21083
-12011
27124
-19045
9847
32763
-1370
-15259
2759
-26207
9386
21554
567
-5929
-20522
-11866
-8912
20456
14995
12555
-17878
-19159
4386
-5125
-28636
-11351
-6838
28060
26671
-4403
16051
32217
-20813
-3704
30982
-9777
-14422
16121
27729
-8917
4189
28637
-32194
-30084
17930
-20109
2183
13804
-16262
-23583
14255
21966
-32641
-2700
5425
20630
-11445
-601
-25900
19221
-8726
-22457
-9057
-10502
-24084
-27098
-17765
-14942
167
9826
16063
-25902
18411
-22301
14544
22102
16726
23365
22086
-16380
-2191
-29193
20177
10331
-14660
23831
-30369
-19284
-20840
27259
4717
29428
-22417
-29985
13067
-28744
25416
-29035
26148
-20231
-30335
-20935
2638
28711
16728
-27860
681
-15682
31403
-1575
22384
-12220
-10025
13281
-13257
28796
-31595
9671
-14606
6315
12010
9386
13966
8416
-28439
24220
7249
-11214
1220
-28984
15513
26798
8353
-863
13796
-9778
-25344
8798
15761
29349
-25285
4316
7318
-29961
-28176
-8540
7888
-1330
3245
-32014
26902
-29183
23158
-30434
-14782
17997
897
-18166
-14811
24535
-8009
4763
10060
-31147
-15944
3492
5388
-27393
22835
-27043
28697
20521
-19631
29371
-26498
6
0
0
