17420
25038
2615
26648
13485
10183
-5322
-5599
-10193
19369
32310
-1525
28224
20842
-12289
23801
29022
394
449
1089
-4830
-17028
-8929
-14756
19314
-1115
-15868
-21750
383
22418
-7782
9937
30837
-26107
4281
-25219
-18663
22735
14629
-22690
-10810
-11258
12108
10355
-32361
-4990
16572
-17282
29297
-20791
28207
31686
-15396
-24221
-2232
28946
-9040
1469
-22593
24298
25845
-3298
1018
4755
20093
14230
-31074
-16962
-31931
25142
-17881
-21494
-29274
-14810
6881
6969
11708
12418
4400
-10133
-23433
15667
2592
-16354
6238
8126
29538
-6872
-9537
3245
-13789
29655
-5931
8645
22118
2788
-11997
-21600
2380
-29662
-15468
-28895
29507
-24098
20666
-24253
-24727
26559
-21686
17901
-5975
29879
-13495
-29259
-15053
12178
31220
17529
-21380
-6616
29999
5583
-23263
22205
-12988
12661
4543
-29029
-13841
9
-2916
-1147
-12836
-30221
8958
-21626
26001
12511
-6450
6265
-6095
-1996
4835
28208
-12350
10918
170
-3916
-8360
-25253
-712
19043
22248
4774
-13920
-2454
-2817
24258
-7632
-31387
-21156
-13625
28011
-19414
-23242
-414
30331
2805
-11200
9906
-7595
-30362
4454
20574
8973
-10834
-19927
15828
30706
-30954
-23486
-19179
25724
27840
-14307
17040
-1640
3513
-32232
20759
28205
401
11866
-6015
12738
18560
9039
-18697
-1375
-14397
29122
25830
27396
2969
10588
-3148
-7049
-155
8971
2002
25358
25574
-8244
-28723
-7851
-27365
29692
225
31554
16941
13391
-15372
-4912
-20436
-5385
17113
30604
30519
-14545
-12362
20434
-5711
-30482
25650
21390
7321
1240
21245
13850
24047
-14290
-7517
6707
-24368
-9001
24059
17669
14820
4756
-2186
-18655
-8828
31832
-9454
31848
-19312
21351
30058
21030
17441
1670
30533
23401
-3443
11980
20660
10651
-31914
23903
-7430
30760
28614
-1460
23604
-30584
-8576
20583
-8895
27666
27053
11941
-6211
6492
-1245
3127
-20918
-21533
-29370
9809
233
-16371
10210
25025
-10705
-21445
1247
-19104
-8838
-11695
14155
28697
-11779
5287
12791
17974
-10849
-4303
21577
2453
-5226
25547
10175
9961
-11158
-13405
30721
18911
11750
26209
9568
-3830
16151
-15984
21446
-14390
21541
-879
-23189
938
9256
-24921
-14548
-2535
-3896
607
30725
28352
1769
20128
-15127
-22574
23101
14003
16193
7925
8979
2797
4138
-2109
-17169
24108
-23566
-19371
-20915
-3836
-23369
31525
-19859
5957
-8818
24815
32508
-5708
26378
-22472
-29560
27649
10541
-7425
-16928
3421
28678
7085
12440
-7092
-23791
-4040
-22554
7965
-6657
8908
2435
-26703
-7331
-16154
-9001
14926
7594
8827
-17322
-10081
-31195
17745
-32259
32583
8865
23930
-8091
-14808
-23652
13550
-28429
-157
-17641
-13194
4701
3847
29022
-8776
22490
-6005
-11738
-25533
-22774
12312
-17717
20228
19431
-4442
26111
23141
-10567
-25582
-22263
-15068
-30945
-14281
514
5397
-12598
-11840
-27534
-32233
-32603
-13569
-10278
25050
31382
-2768
-14987
7897
1890
26175
-9289
17199
-22713
24278
11284
19335
-6149
6017
29092
30367
23452
9349
29206
-19877
26889
-32081
-4100
28960
14789
-7338
-28760
-21587
-31593
28896
-16363
-7271
-3870
8380
-27480
-20155
-14093
781
5058
-9528
-32200
-21741
1326
31740
234
28918
-2392
-4353
-21219
2705
-27639
5362
-17394
-19905
11779
-11573
-1967
21792
-3760
-25090
3556
16093
13342
-23047
-1935
-10743
-18577
24223
17227
-28498
-28660
-29590
11268
-15369
-7906
9917
-24540
-15816
24902
28811
19192
20287
-27029
10218
-1660
17960
-12158
-6634
-21291
22409
26484
-25424
11929
-7257
-21474
8319
-27234
-9540
-24968
-12697
-7130
-11881
-22954
8751
8245
3305
13571
-9856
-15087
2140
5378
10799
16369
5165
-11296
9986
20609
31449
-2095
31912
-30968
-1941
-14848
28715
24078
28726
24999
19435
-21964
11730
-14275
22889
-10442
15396
-16188
-25217
5168
3549
-28040
-20169
2746
330
27597
8547
11603
30355
-25683
-6084
7650
2414
-31863
-10605
-7349
-24742
31219
-7718
-9243
-8097
26881
19257
30861
-19242
-26113
-25944
-9587
11295
-8101
7657
5647
30860
1539
9334
-30106
-8938
21414
-28555
-21306
-19697
16748
-18565
19980
-7891
-25204
-31949
-5407
-29817
-1992
-27954
159
19759
7247
-11394
12826
-6423
22421
22520
11410
-10018
-8011
-25524
6075
28182
7391
7843
24779
7008
-17399
21619
-14110
30907
-27197
18059
-24669
-26654
-455
-6558
2716
2147
14617
-11350
-28839
20998
-15186
-24132
-15254
-13383
-23224
-19600
-32370
-24458
1620
-5754
-5390
26071
-4393
-27298
-19835
-11778
-8574
29192
-17248
28391
-16003
-18624
-18320
26806
21591
-8235
8114
-10578
-24572
32149
-28068
-13465
-2979
-27353
5048
-5672
-19879
22031
-12519
25471
9560
19596
29308
-21297
-5684
20140
26993
5960
-10239
-25078
4766
-19393
-24618
-46
-15841
22200
-10128
31535
-8290
3489
29080
-28450
-24264
-31448
27923
31040
-27851
-13516
10647
24299
-8106
23373
-4392
31254
-11601
14678
-13760
-7405
-4934
-22639
-25793
-6139
9298
5153
16986
31617
-10571
4746
-31393
5752
-21774
-6204
5344
6518
24779
4873
-1955
-31236
7492
30720
24646
-11987
22258
-31454
23229
-17435
10081
-6509
-15933
-20955
26609
-2718
27285
4502
-6581
12856
-8689
17699
-17335
25880
25258
30134
-17153
-29053
-257
13362
-15320
31925
-12344
8738
18045
5153
11979
-16416
29259
15188
-15239
-9879
8044
15413
-6074
15540
9526
6391
16068
-30311
30802
16841
12457
-14391
17903
-12130
-19617
-20653
15453
-15573
16865
11090
-7454
-14957
13268
-21056
13933
30186
-11544
17034
-23643
15277
21433
4754
16774
7905
-823
-29208
-23683
8937
22436
-455
21503
-19544
-2638
15738
9243
12931
27626
14850
27456
25103
-32463
-9330
32182
-20046
19267
-12348
26532
5623
-28312
-24202
-29643
-14552
30065
18044
3308
-555
29564
-11441
3146
-31709
-17554
-29436
-6686
25197
-15472
124
13574
23482
-20471
15716
23105
4588
-19590
3744
-16725
-12784
-3738
-19611
-6832
-28819
9572
-3791
-19287
8126
-15442
27789
1831
26245
25275
-8328
-9063
-94
5827
20597
18012
891
32011
-27152
22144
26105
2
-2254
21133
26361
10978
-1948
-32229
8321
12235
31749
-29492
12045
-30928
29830
7769
14798
-31035
13356
31232
-13466
14174
24607
13974
15307
-18941
-26398
-2329
15664
-15409
-27052
-29361
29209
-30426
-29608
2339
439
-441
-14561
-21695
14919
15016
20282
-6402
23622
18372
163
-17640
-20923
12916
-3619
6277
32018
-2112
-11619
-31425
14163
2008
24960
13519
2674
4439
-440
-8570
12883
-21170
-20818
-26209
-29444
2438
-5005
30255
13698
12985
-4987
-23837
-6398
31967
18658
-6212
-21828
10493
-14413
3588
-4606
32656
-22556
-14995
-8609
-9098
6892
-17905
-30627
-5473
-12090
-7457
-14415
25732
27050
27011
2305
28690
-16226
-17727
1566
-12610
25438
26644
-8446
-13637
10256
17109
1037
-10052
-21659
6270
-5745
22910
23292
-3030
-29309
-31249
2511
-9552
-9578
25545
1215
-30961
-6678
-24760
-15726
-1702
-29773
-31983
-18408
-31955
26064
-27793
-5050
8482
-16331
-20447
-5095
-10298
-8528
11355
29740
-25928
5853
29169
-26414
-20840
-23738
24882
-13621
-31543
-20479
-25043
5453
579
-27599
27003
-27553
-5883
-26990
-26745
-21635
-32747
-902
12465
19022
-20511
21457
13398
20482
-13715
-8470
-9900
17038
26620
12344
-31215
-4946
-26789
-4366
9930
30543
-20787
23529
-20734
-27285
-15769
7658
7354
3217
-17198
-15589
19904
30142
11589
-29541
-21405
21268
534
22783
11931
17988
22334
11771
27666
-13362
699
20035
17279
-31532
4698
2697
-11112
29658
12872
23367
-19691
29591
-8952
-17988
-11548
-22613
-13138
-27723
30712
21462
-12094
3643
853
20400
-30146
-16230
-22334
-6676
29058
31903
26365
-5876
-15778
-19475
-21209
15871
31826
-30027
-7129
18886
25125
20943
26893
-26041
-13620
-24097
-1375
-5951
-9454
-17819
12471
-19985
-24242
16069
-20509
-23366
9610
-24187
6121
-14017
-31151
-12601
-19057
-13405
1399
-12271
-32417
-452
-27002
-13829
-5902
-5776
-11413
5132
4538
30521
-9595
2680
13219
-4469
23147
-13186
-23173
-23112
-13662
-15518
16763
366
-7949
9215
29909
-21701
-26607
19151
12985
12679
11216
-4448
31860
-17106
-7377
7952
-11589
27670
1155
24235
-7730
-24851
-28093
2778
-8398
3711
427
13829
-844
-20380
-19415
22630
12543
31548
-25798
14935
-17933
4804
-11440
6451
16985
10644
-8155
-28022
-4717
-5843
-13113
8445
26161
3825
6736
4056
-6682
29473
-1366
-31723
15797
23878
28167
1498
-24617
9948
-23173
-32524
6225
-29857
-21974
4418
22112
-21387
-19247
6921
11821
-1583
-11367
6337
-17744
28382
27452
13832
31018
-31867
-24861
3702
6214
-23149
27669
6290
11914
27257
26367
-13121
28758
-13335
-16173
-7626
14024
26823
26568
26910
6698
16391
-29151
27883
18612
1596
29117
-26841
1395
29098
16520
7894
-25980
31954
-18165
16237
-28053
-10978
-12327
-10395
-5586
15003
15965
-23540
-15962
-27539
14114
28740
-11433
-13419
-15892
-26691
2519
-6685
11037
17721
17492
20893
2011
26713
-25810
-1670
-4692
-18019
-25246
-30524
26954
-14029
22552
-27324
-32333
30714
24533
25607
-5550
5682
-4146
15161
-31221
12989
-9360
-23464
-6227
-14461
14995
2966
-25301
3929
10550
5072
-3518
-12471
20273
-15324
-11190
-24923
18878
-6494
-19772
25111
8079
15554
-11913
-25803
31437
22070
500
-10390
-10008
-31620
15980
14958
-31010
1406
-6972
14261
20457
20920
4777
-540
29004
-27392
-8410
1895
19890
6523
-25547
-10583
-30546
-1633
11444
-7157
3406
-27877
-13821
22749
13974
-27522
-833
-12269
26267
-17804
-12405
-28971
-15930
-14100
-2462
-21219
-27481
-23807
-26283
10707
-16251
-27018
1438
-22387
13313
32429
12176
-7752
-25650
-5463
24531
10007
12368
-23991
-6464
25760
17592
-10264
24540
7190
-14290
-286
-1848
-3889
-14087
27297
19655
31817
-1315
8462
22139
22505
23094
15734
16684
17078
16353
-15176
22810
-4408
-13731
26887
-21242
10249
-16147
30496
23698
4794
-17531
-22275
12527
13128
-5768
-20054
2886
-354
3046
4321
-29386
-16508
-11871
26985
-11133
9804
-30620
2902
-27171
28476
3729
-11154
3022
11659
-16173
5709
-31018
-8461
24369
-9281
-17835
29011
2925
18458
23823
-31662
-2551
10980
-13807
1942
17978
-22107
13163
17766
-6416
958
1016
52
-30110
-25154
-30577
23945
-11440
-2477
-7242
21547
-13336
-8961
6141
9625
16973
23352
7056
-32059
-10519
-16320
-28436
-25078
-7457
32631
-30690
-9428
15837
-28149
32076
20235
-9264
-30918
19955
-30125
-27003
4411
21977
-8619
23133
-28104
-32650
13728
4189
-13495
-15308
-30734
9282
21430
10161
5029
-30158
-16191
20109
-11574
17883
1338
-4770
-29450
-19743
-28889
2651
14562
-10101
-3942
13925
-18549
-26955
-6515
-1688
10705
-2890
-20846
-24751
-25241
-5675
-10018
-21449
18137
30309
5552
4807
-21327
-14389
19121
1211
-22623
-19135
22146
6526
-16161
-10089
-14682
27876
18039
-12835
32114
-7257
-20437
-26705
10510
11899
25232
-11772
5212
-18651
31184
21618
30552
10018
1878
14344
14641
-15322
-1226
-18033
-12856
-24968
16235
-8098
-30208
-11052
7181
-19912
2982
15998
29075
-29805
-22052
-15532
-16327
-13219
-24038
-32400
-4909
-26633
-28084
27100
-29813
-17618
-12249
-22877
-10450
-31573
28329
20631
-26893
2118
29257
11112
-21194
1063
18541
12314
32543
2132
24373
29405
30856
2129
-2820
-13349
-9606
-535
30433
18892
9914
20894
-22279
-15691
-5339
23403
-27888
13470
-3288
-13305
25210
-28056
20794
-24692
28847
-10159
-20424
25747
-6435
17834
9503
26462
28556
31622
-23032
32767
-18159
22310
26197
-20909
-4651
23362
13829
12617
-4066
-23136
-2791
10581
17788
-21151
-29564
18649
-940
27121
16623
20684
-22864
-30850
-18882
32624
27584
-28674
4964
3823
6074
27040
-16905
-7264
-19221
-12531
-7568
1858
2801
-29323
9375
-14495
24809
-4979
22826
-12838
17985
-12794
12342
7370
9721
5234
18521
27218
-31640
29011
-23580
18218
-27063
-30819
-27667
-5728
14852
24844
8582
32385
1425
-8831
-23904
-4316
-22327
876
-22178
31311
-246
1395
-17862
1946
-6212
21327
2503
-2328
-4812
-19259
15433
1142
14323
-9211
13599
-29098
11925
3998
-26185
-19560
-450
-11936
23433
-5147
17557
-25063
-26737
14865
6657
-32087
-27672
13632
-27046
-13108
-31561
29495
-15351
2971
10355
4419
-2738
75
-21868
-29999
-18829
14248
-28921
14377
25984
32227
15357
-26
-25675
-16905
15858
26100
1730
12334
-21376
15520
22652
1395
8642
-24170
30637
13004
13856
-7859
25564
19124
16175
12365
-13618
25250
21634
-4073
-27295
-15570
3086
-3659
31568
14417
19354
-25608
18400
24330
-24977
17106
6677
-10648
-22757
15044
4613
19390
6644
-5163
30221
-30232
11446
-25688
-27801
8118
-23198
705
23290
-27590
4835
3378
-23821
24639
-20465
7010
-3608
14032
1693
-6270
-1333
27423
-8942
15893
28857
-21469
-9405
-21759
27548
-20732
18217
28141
-26972
17140
13629
-4596
5741
-31723
23701
-27737
-17624
-18508
10741
-5764
18257
-15986
-14057
-8075
4184
-29994
-5570
-1894
-1549
-27196
23182
-3890
16939
-907
26210
10226
-10715
6893
15579
-17264
-2961
-28427
30293
-7093
-30354
10857
-9244
-19175
-7729
13038
-17474
-14431
-20354
25056
11302
25369
-209
-16393
-22957
-15321
6937
14484
16583
24642
-8746
32519
-15871
-23132
4612
-13451
-12280
11760
17491
31015
-19464
-10663
12597
-22222
-26919
-13480
-29397
26674
18236
20903
-21104
-15048
15086
-20281
22854
31353
3336
-19837
-3705
-12882
-13501
-5092
2796
-25397
-18637
26432
-21000
-12201
17749
11952
-7688
12227
-600
12102
21130
-21096
-25761
20252
-514
25745
5858
-26559
-5042
13565
10272
-32161
-31148
-7110
11220
16776
-22803
2929
-31201
-15325
29430
28541
-28779
15250
-8522
11030
20456
-28191
-27511
-16649
17635
22562
7935
2395
10651
-21269
8554
-28444
18542
29510
-897
4282
-11246
29563
22410
-17778
-21866
-22421
28762
17685
-5159
-28576
-8537
-24446
12335
19461
17074
15644
13844
-11579
-29391
-7729
980
-16718
-31815
-6112
29868
-32159
8205
-12762
-20066
-11831
11839
-26796
21576
25114
27793
-18059
-4094
-9643
-24184
21949
21870
-5851
13225
22630
27874
5804
-11882
26907
5828
-19369
1153
10849
16675
25997
-31290
8124
27175
-32531
-17165
-19431
24535
30122
-24873
-8016
-13702
15019
14770
15744
-17232
8691
28851
20187
25982
31604
27196
-26673
-23316
16313
-897
-24136
14098
-31957
21910
4043
8029
29062
9347
-24912
13334
15919
27140
-3795
-11158
19376
-25490
1681
-9334
-23040
-26381
893
-189
-21639
-9177
-17517
-25784
-13125
25563
31800
6771
-27570
-30471
-17115
-2325
20019
-5335
-14496
-20327
-22584
-29897
24022
-32020
-32089
-2621
10084
16414
-23804
-32293
-12404
-19732
29681
-10233
-7152
502
5044
-8100
19471
-9277
10494
-27153
27021
-12193
16477
31115
-21350
7932
22803
16109
24021
-26509
-15155
-19059
32224
22144
-10724
6290
-32281
9844
30830
-7929
26121
-12620
15793
-18680
-26835
9639
28871
-19948
-32154
-7758
-8749
30907
-26843
-19434
11586
-10709
-10230
25275
11233
-5143
25412
22182
6084
-2399
10718
-17700
19086
4049
3382
-108
12094
17480
-24514
-5553
15935
-10848
-32746
11773
-29932
-19902
-12606
-25295
-26820
10551
-27402
-28538
17608
-15841
-3169
-10473
20801
-27458
-29542
-16276
30940
14634
14693
-116
20157
9415
-29521
-31503
-1643
-10549
26587
12445
6901
-4632
15527
22105
4514
-17776
-6168
-11824
-1894
21553
30496
11843
19637
31052
12063
-15016
-3696
20223
28597
-12846
808
12483
-846
10839
28511
23952
-6929
-15735
16648
-9365
31489
552
-4839
13062
-29572
-17816
5236
-16627
-11916
31569
-18896
-5112
23642
20322
-22809
27286
26132
-20906
3868
24399
-21919
-4918
-21727
-21674
-17361
28149
29458
510
-4330
16412
8784
13347
-20777
29874
-11749
7430
9317
-4872
15930
-6152
20685
-19079
-31946
-4820
29889
-26742
-9882
-25516
-26665
-17193
-29
-14896
23255
19514
-29035
28189
4706
-11909
6683
-27348
-18729
20360
-7395
20983
20639
19965
-27511
-23533
32452
-446
14821
18363
20457
-17271
8836
3450
-16653
4434
452
-1431
9695
-25664
3225
-7266
-23986
26715
19471
-6729
-18219
1468
-27844
22935
416
-7157
19172
32743
11551
-29913
1314
-10135
32559
-29187
-23019
10586
16633
-10639
-19837
4333
3200
-20616
-2904
13467
21506
1732
3183
-6443
11119
-23851
3482
12572
21058
-4755
-28491
-6092
-22899
-19316
8187
10311
1104
18077
23438
-15288
-30068
-4808
-24606
2190
14127
-31920
13533
19219
-31919
27492
-28403
-3741
4415
14624
-10824
13034
-31167
-28256
25966
8876
-2138
-16521
-1342
20960
-13157
17424
-7237
-11942
-20828
-24344
-18143
22904
31252
-32538
28765
9848
31158
-25550
-10743
6589
-14282
-3692
-14223
12256
25441
27938
-21883
10859
13097
8590
-17663
15150
26838
5705
-9349
-30375
-28548
23400
31693
-4585
-19668
-14465
21735
-25141
-5515
-673
-32495
-28479
4095
930
20343
15393
4676
5032
29771
-19368
-15159
-16072
-4845
-28743
-6002
-3706
8667
-6066
7519
19009
3827
-10168
2433
21736
-25291
21796
-2492
10463
4078
-27123
12134
16545
15864
-23271
30501
-10204
-11888
8108
-15739
-26295
-4747
22886
31269
-3759
14951
-15007
-16825
-31140
19179
-24055
31343
-10197
9437
-9708
-26846
18061
-9100
20721
-10193
-486
10859
21751
13117
-17410
10258
-13981
-29956
9702
-23492
29528
-15466
4612
-28223
15805
-30130
-6207
-17783
16869
-22372
-2252
16795
6570
30938
1599
-20333
-26899
-14561
-9716
-30253
-25543
31431
-16641
-14724
25591
-21641
22958
20540
-32579
30555
-9911
13417
32214
-19572
30508
-13061
11491
-25379
-8253
27635
15564
15087
-8555
-12322
-21942
32754
24817
-18505
4674
6418
-28054
-13821
22010
-31728
32099
21179
14970
15653
1631
-20296
1748
-602
-501
32442
23088
2048
1639
-25339
2916
20293
29027
-18168
30332
-22127
-15209
-18812
-11795
28581
11979
-2251
-10628
-27880
-18350
-18107
29379
15225
936
-20570
-784
-21314
-30378
3978
28432
-26665
28091
24743
-18547
-23618
-7000
12642
-6191
-14479
-5447
-3054
1134
-4426
3522
2887
-6893
-18869
20654
1079
-14558
15263
-28205
12626
23285
19372
20452
15957
18210
-19546
-1115
3103
3451
28965
22720
-3183
-32442
8519
25923
31419
16742
19372
19283
-18855
11232
-18696
75
-28412
-26288
-5220
21919
25043
-4631
-23061
-29950
9010
-26807
31731
19254
17564
29487
3783
-18551
31708
14535
20955
15194
28185
-20837
-28091
25799
28722
-6260
-8857
9677
-17820
-16038
5550
16457
-19160
-18476
23316
19844
-28335
30475
23189
-21343
-2951
-2157
-10596
30095
-5127
-21289
-2320
32054
28725
-17157
10242
30694
17447
-1954
6766
11025
-15607
29815
23675
21494
5984
-29537
-13241
-12301
31267
4923
-16116
10263
18783
-12793
-31795
-16316
-27286
-13159
25647
-7282
-6393
-31448
-20491
-20928
-7311
-1650
28875
-1921
-15107
2380
7832
-27132
18906
-220
-20167
1793
31623
14486
14637
-12814
-24984
-12425
13194
-27695
-16905
-8634
13539
-26525
-18430
7741
26748
-1142
31807
9302
29107
30525
-4692
26347
-12897
-18231
-9226
-28258
-23723
-10118
-29477
5573
-22622
-30069
28822
-27945
4445
31406
-16325
31140
11425
7759
28258
-31575
3966
-18371
32409
-24161
32698
4350
20529
20251
13013
32325
7208
25898
-15778
-14902
-31875
14595
-1098
-6954
-16878
-16475
5012
-12315
-30324
29433
1716
-9352
25239
28608
20065
13648
-18143
-10361
9307
10053
-11697
21062
13292
-18705
-23479
3817
1665
-23572
8424
22650
-6317
17312
-3018
15083
-29613
13951
-17154
14145
-2804
12087
18814
15891
5408
-25501
7271
-4818
-12551
-1752
-23270
-18899
-14388
28343
-5145
-28415
19433
-18540
27550
-3076
-8375
3937
-31628
26022
-17463
-22657
10917
29326
-30262
-21578
22107
2097
-10367
-3737
-11581
4679
-3459
-7156
-18691
5444
729
-20714
-7966
10512
-19006
22723
2520
11817
-6870
15622
9981
7916
-4278
25740
1986
-3705
-27913
6710
17582
7911
8692
-30480
25213
26240
-29528
-14935
2572
78
10778
-7039
15111
29148
-1918
22089
24132
-4992
-31628
-415
-19697
-23542
8937
-26326
-2723
30731
4111
17455
11708
14654
5108
24197
2023
-25610
-25991
-5899
-18489
3622
8952
-25999
-16813
-20891
22437
-32364
-18594
6966
22312
-11202
28710
-29012
-19102
-24908
16538
-18826
-1246
26226
12993
-6998
4224
16573
-18442
25930
-26075
-6560
-9324
-32553
5070
24298
29044
-4690
21645
26665
-157
-1456
-25365
-1333
-6290
-567
30634
-7856
19259
-22473
20683
2529
18391
13276
-29908
20582
24713
25437
-3101
6587
21816
26925
-25303
-1861
6119
9358
-23322
-18008
28118
1700
17442
-18340
18759
10930
16062
-17633
-10351
-14104
28198
-13395
-18377
2845
-29571
-8606
-4691
-11520
-12290
-7656
19331
14287
-3281
11429
31863
21911
32356
30002
-2421
-24488
-31693
-15436
4031
18336
-12350
-20153
-20212
-12327
-18093
-19012
-30382
-31473
17642
-1935
10899
16812
20370
-25340
-20265
-4286
-11639
-27285
-19422
21701
-25747
-505
14000
-28039
-27011
-20184
8733
-5889
29075
6940
21193
-17968
8542
-21734
12131
-20826
-9905
4373
-10368
30721
13439
3799
-4925
-904
23015
10535
-9933
-31729
-32546
-15560
6322
-9250
4558
1303
31251
-24130
13054
12416
9499
-7563
-15950
-16845
28316
7329
-5250
22114
30852
20790
17783
6747
-18658
-9157
-26890
7398
-16410
-7471
-18647
5135
-524
-274
-6119
28196
31601
12129
27031
18948
-31919
-13436
-29607
-2429
24957
340
-29086
3396
-17872
-23031
7915
14156
-19788
-6660
32583
27175
31332
-27146
-4509
2788
13216
11622
12375
-28382
-13421
-32018
-29156
-17181
-13172
-23743
14619
-21868
-29657
29168
-2588
24070
-18516
17498
-8040
29714
8025
-12526
-29153
-17002
-30859
-3813
-5690
-13121
22331
-30516
-2742
-18074
23610
-16
29688
-17402
4076
20996
25555
-1609
21559
-16393
-9615
-13392
15124
-4430
11085
3265
-2596
30490
9416
29153
-19322
12630
-32524
24626
-27652
7319
12356
16949
-19667
27849
10706
-2681
13947
-5157
-16935
20102
-18390
17126
29809
-27580
11589
31082
268
19525
10753
-16152
-4493
-29625
416
-3152
-19205
-13230
11976
-5342
-10632
242
19991
-13753
-18802
27002
-1155
-27847
2719
18235
-10171
-8563
4271
-15572
-26101
11183
2566
13984
12232
21831
-22939
-31793
13503
-1612
622
4142
25952
28297
-4213
26380
-22659
-12455
-11261
11372
-21563
-5534
6399
26124
-22586
15027
-2162
12310
-12362
-21049
3935
-4048
-10849
-16369
-2167
5116
9571
12516
12572
19886
-26925
-554
-30577
29122
-31746
-25271
-16050
5163
4077
12458
-919
23097
19980
-19570
11510
14614
13608
-31859
-15015
-12391
7230
-7494
9678
-13621
-11217
-24628
15648
-25277
-5235
-19843
-25471
18454
-13162
-17296
-7421
29243
26078
15202
3225
28867
-21770
25474
-10627
-29324
13989
-22136
21655
-10823
13037
16429
-20875
-26609
-16546
-31694
5934
-18642
-14070
32740
-20417
-18742
-24664
12255
20809
18223
-964
-19695
-10271
27322
-8209
9983
-28532
12364
-684
26925
-10765
18744
-6942
20014
-19792
14108
-1440
16134
3742
31652
6242
-30164
-5286
-17761
22988
19305
32756
-18715
-31344
32613
-14548
29704
-6142
-21411
9410
729
12856
-23617
4357
-901
-29529
3296
13995
-247
17468
-7555
-2993
-14427
-23218
14764
16042
-13566
-3078
-21514
-22734
29110
15794
-31347
9054
-21114
29541
27575
-13976
19221
-6839
10248
-6738
-21693
13239
26393
30354
-31013
1736
10310
22389
-29158
13783
-24405
-18985
30877
28021
-17495
13774
24964
4685
15876
-28620
14049
-1669
-18725
-31652
29648
16776
8433
-8540
13498
-602
-4241
20929
-2277
3855
-28923
-24962
29989
-11451
-15231
30011
17798
22935
-30955
-7349
-11540
1086
23538
-24893
32436
26031
27512
16873
-16159
-9994
30164
7821
-31065
-12601
8439
25485
30236
-13929
17233
8336
6773
11940
17872
118
-29729
-37
-22819
21625
8531
-8598
-6478
16385
6390
25823
-13274
-31245
-25436
22485
-30196
3243
30440
-14244
11828
16457
27415
-27745
-2182
-6584
6088
18698
28032
3625
19660
-20708
17183
-13622
10471
19129
8266
6480
-30684
-4857
-21794
-26014
25475
-25935
-13738
30854
15372
29362
-28404
1644
-31690
-27259
12883
1584
13901
31903
17072
13353
17711
-24852
-14850
-25735
17377
21598
17416
23889
18964
32658
8579
-21631
-9866
8739
-22841
-24761
21310
10077
-28235
10866
-20509
9094
8194
-7140
-11301
-22725
9456
14986
-18564
-5933
-7134
299
21288
-358
-27053
-5021
-11546
-25715
-12506
-17415
-24620
-54
-19482
7200
-27095
-31115
-19886
-24880
-79
17407
15777
6677
-24977
-18726
-4006
18096
-19535
12054
12627
24777
-6684
-16166
23478
-20044
-22439
-29989
-28421
-26371
1862
3946
8599
-25637
-14733
28874
64
14912
7280
-5964
-18811
-10249
2634
-10221
26979
-3728
631
-2140
-24799
1540
-7299
-374
-2532
11610
-3745
-22594
18229
23149
-7923
-30123
-28783
141
-29248
-20609
-2997
-29385
-5872
4160
-10187
5898
-18181
-14152
21301
13785
4548
29250
-21806
-13963
-26328
14972
32010
-4177
2057
6806
-12194
-30183
29771
-16312
-23872
-7101
-20605
-16757
-11165
27958
-29009
1215
23418
-31182
6346
-3543
19362
-17973
-21746
1746
-1666
7595
18341
-13484
10180
22046
-2220
4574
19622
-27743
2675
6519
-31293
3551
-3832
10639
-23715
29364
-18393
31768
23184
18295
-19756
14969
-25440
20966
29785
-9977
16727
22788
-21823
-3658
30111
8246
19921
-31825
1298
16133
23579
-29043
-9990
-14367
3786
2121
12638
-14989
6159
-6850
28445
12389
8889
6642
7758
-27332
-23024
-21422
-7621
10200
16173
-14565
-8322
-3603
-15367
16143
-31542
-18624
1202
-31189
12631
-1210
-18536
13948
3365
16938
-29509
-7456
-23705
10726
25038
-14803
-3999
10594
27824
-28576
19700
12625
-28457
10601
21830
30771
16080
-6411
11013
19214
21642
-6930
-15741
5206
3975
-14827
27976
-22233
-10285
5668
-14908
-12845
14406
13421
-13764
-16803
3512
19240
-22907
-30902
26602
-12402
-15134
18849
-18576
-22307
2359
-2274
-21691
9861
17983
5093
13880
4286
314
3385
-11018
-16765
23435
-19320
7663
1093
-22839
-15524
-8243
26521
3445
-7846
-5307
21558
-29890
-691
-11658
2267
-23776
13493
-28766
26586
-13743
15232
-1010
4833
22701
-3451
-525
-21327
12962
-28500
15606
29280
5818
1868
24359
-28848
-7887
35
21610
-22817
31350
-13530
-13683
-595
-22508
-941
-7537
12993
3230
29276
4455
-10599
3230
27546
30675
-304
17751
15756
-11770
7474
-24471
-18267
23402
8123
8632
2270
17443
-8155
7617
-18604
-24008
736
