-16842
16880
-25671
-493
5832
2820
7208
-5260
5300
24810
-8202
28306
26719
-18666
12146
-16642
-20094
-29486
18785
27907
-11273
-11831
13609
-28478
-32435
-23996
-25444
1442
256
-22611
9111
18413
-28828
29526
-28801
-32678
-8504
9178
29723
-12403
16018
31302
12470
-17167
-23303
17087
-376
-20071
10991
-16621
-15906
8908
-20208
-2778
6093
23850
-170
10430
-3948
27271
20174
22490
-4116
-10475
28477
-12209
16422
26596
1474
-21513
-1679
15040
-30918
25115
10595
-9469
10911
29610
-2019
-13342
14689
-26138
-7369
-28653
1571
-15087
16132
-12947
9922
-10844
-1331
-7068
4338
18808
-27466
1500
7808
-2782
-29418
-2012
13925
12559
-24575
-26950
13338
27663
454
-2735
1199
-20471
-9124
-26491
-13934
5045
13829
22770
-17160
10526
28144
-21630
-10679
17358
10531
-23415
305
16226
-8884
-32030
23585
-4607
2599
5258
19044
-29804
29585
-4346
-15909
10193
11891
-27061
27021
-1454
7771
11559
-27708
25428
24007
13418
-27049
3261
23993
10719
-26491
13012
-21841
22265
-4113
-11494
14368
-27156
-13803
12589
-29453
8610
-14767
-13529
6963
12339
9279
11489
-7160
-19424
757
2842
-17514
15464
16134
12006
-20371
3083
16424
24676
15625
14969
29984
-27074
-4952
-17185
23620
-11651
-32648
2897
-12338
-17650
6270
-30128
23568
24125
10615
31167
-17758
27267
-29912
-32312
14526
23785
-28773
-10490
-23251
5369
-9888
-16335
7065
25898
32451
-974
-26639
-17832
2602
2367
-28716
-13239
-5728
12927
21484
-16355
-16714
-2391
-13852
-18506
6223
-31523
13923
-19550
17693
-22934
-18688
30243
31173
-30805
22810
326
24643
-14869
20776
7568
-19458
-13115
-28470
-5485
-19221
5667
4187
10687
-31816
32443
5526
-14328
5518
-29690
-18822
6034
-10497
-5753
27363
18437
-14365
244
16378
20790
2347
-22949
-12992
28018
-555
11031
-25811
-6613
4787
-26219
5346
-7324
-15063
-30370
-24075
-21650
9025
9153
-3170
-20367
24242
6734
-23495
-9732
17084
19569
22890
-26800
4150
32329
5611
20814
-29773
-22751
-19233
11554
-2127
7015
-12111
-1260
1722
839
24090
-18377
-2398
6053
20347
2667
-3860
-23624
-2384
-16198
6960
9283
29982
-25650
-18686
14719
11313
-516
5749
-9081
13708
26367
-12571
-26208
-176
20993
26091
-28268
12390
-30907
17759
-28394
13940
-29465
4022
-31304
18839
13477
-9429
-6656
-23676
-29908
14740
27737
-28792
-4758
13197
-15195
16438
1281
-24643
-28060
26664
-32523
4648
-27904
-1205
17135
6005
20451
5121
13738
20720
-17117
7112
13877
-12405
-23735
-8254
5636
-8499
8078
21417
-10614
21194
24798
-12850
11840
-8815
12236
-3445
7514
-3490
18276
-1048
-6447
-588
29982
28219
16799
32111
9674
-173
30071
-16572
28473
-20967
14534
-14470
-20755
-29178
14004
6055
-2675
-28341
19656
17688
8750
22553
-15609
-91
-12982
18235
-10026
7209
-30534
31429
30777
-6891
-9142
-20106
9550
18340
8695
29067
-19836
2079
-13940
-30137
16819
17805
-4247
-698
-9343
31328
14040
-18618
662
1256
7150
-24615
7306
32369
-19403
12895
-29181
3267
-7199
-21273
11676
-13612
-28540
9673
26003
21746
-26638
-21740
-20088
-4450
-23256
-25372
-541
-16736
28912
24961
-28289
-30113
1468
-23277
-13914
12260
3761
-9142
-828
-6624
836
2579
20226
233
-20927
-15560
24921
8851
16488
-20975
24677
27654
20800
-28945
-22840
8642
-10408
-13133
15329
-4731
-26054
-10571
8916
-1441
12531
-14474
2476
-1544
7786
-18376
32349
-7670
-10789
29809
-25695
16446
14651
-15489
15804
21520
16865
-20839
-25355
-30287
9907
27665
-32356
31390
-20170
11202
-23213
12872
9683
-26227
-18881
30778
1937
15242
-6476
8807
73
17460
26312
21117
25035
29942
22868
27989
-14555
7395
31048
26606
-18017
4283
-10391
10447
-16673
-27876
-3640
-5526
17986
-25085
5498
32477
-23561
-14539
-24084
-26610
-3126
23520
-25249
1516
127
-30603
15007
-30101
21330
31933
-18750
-30594
11388
7721
-9028
-24155
19526
11102
19473
4821
15090
32711
24809
26072
-6362
-23426
9390
17096
31212
-27686
-28696
32661
2955
12106
18444
-6344
25307
-15311
11725
20325
-21524
-1769
31980
29568
-21011
3777
-7133
4037
-16305
-6070
-17506
-17402
24108
-2939
-28287
-23250
-12643
-16500
-32039
-8151
2648
-11364
-5551
-1685
8779
-22381
-19137
-4483
-18989
28713
16658
24022
-20300
-5091
26003
18378
-17364
-10541
32445
27396
7898
-12400
-22608
5854
-25578
-988
-5352
4823
2114
24975
25041
6844
-9276
-24878
-17431
-29210
-12655
12429
-16960
-3748
-30565
30375
22176
2088
6011
11273
-7555
24043
644
-15369
-31108
-17196
-6342
-13751
28801
3434
-6032
26049
22658
28677
32655
21014
-28683
-10444
15872
5024
-12826
-29206
718
-16982
-14279
31862
-24475
-17610
-18624
-8248
18340
-15144
6787
31933
10186
-26966
-6060
-7051
-29348
-27403
-8746
15408
-2265
-11222
-31078
-23898
27214
-10154
-18375
-11947
32170
-13811
-14842
26965
28727
-24860
4442
-5844
28583
29073
20825
20801
4438
-1681
19316
-14746
-8907
-12076
14356
21424
-6647
20750
-25803
4133
25562
-11723
-6967
23171
25949
25257
11619
-13815
-250
17418
4764
-20633
3981
2584
18023
25521
-22771
-17271
25128
-20982
16112
3502
-25426
-2872
-23683
4118
4924
-7631
6651
-30832
-9655
-28637
-6768
27921
-1742
27531
5861
-11437
385
4522
6419
-3432
25616
13369
-16958
-17070
29042
24809
1559
-5418
8808
19831
-2323
11981
-4762
-532
-21294
2290
455
11372
15647
24481
19841
-25718
21296
26602
14773
25092
7625
14758
-5098
-19689
17152
12612
-15063
-3028
-16631
3622
-24296
25312
-18774
17949
-2142
1650
16535
-29353
-31665
-23206
-9386
27259
-4927
8298
-27941
-18023
-18796
-32445
5613
14350
20967
-23174
-16352
-17513
-20465
-13362
-11337
-5683
-17867
24066
31997
31217
-17830
-8340
-14745
-11868
30733
-25740
13182
29537
23128
-12544
-18535
-20514
17358
-8101
-14838
-25143
-25418
-9279
-24012
-7628
-2974
11747
28514
32070
-10973
-24697
-17494
8139
-16424
-14299
1356
-16528
20829
-15196
32275
-27262
25697
6795
-25646
22374
17967
10798
2749
21804
-11562
-29411
-24649
-25959
-23665
-3335
12964
-11630
-25479
24524
-505
4497
-3224
21760
25261
-6589
-11289
28514
-25618
-28987
16793
21980
2466
30190
17004
4351
5069
13199
-21286
12316
-14470
2766
-32399
-24667
-28472
-13170
-29157
25946
15327
-22324
-32444
-10018
-5226
-8693
24686
-4304
-15874
30293
1629
-17502
8584
-12743
4383
-25468
12718
-21128
-21698
21366
15145
-14175
18218
-26808
25866
20578
-29253
22960
7872
-18284
8524
19419
20526
10317
15715
-24176
-4044
-27642
32218
29744
14997
-14361
4653
-17272
-14928
19581
-7354
-21775
6011
27709
31023
14283
31515
-22007
-27138
-23507
-3343
-17848
-14010
3754
30772
-8956
20550
1937
-1023
-17808
21144
31204
-13196
-4318
4497
-8920
-15509
20220
-24698
-16345
28744
9420
-23318
-5166
-15344
32298
17774
31829
-21751
32202
-13938
28347
3874
-25572
-28772
-21100
9889
-1441
13775
-23184
-1961
4798
-17621
-10570
8031
-25377
21085
23629
-4396
-7337
-14155
25791
-451
-26510
-205
-13731
7430
31867
1092
-4520
-11851
26845
28535
22159
-30184
-20588
-32428
-9429
-21424
17615
12023
11433
-28410
28405
8094
-23722
-4243
9038
-5196
25875
-31609
7497
15722
23072
11544
-21511
-2780
-18136
32079
18838
24794
-14837
26301
8803
22301
-25483
27816
-7212
20128
-9761
-23928
18110
17504
-9734
-9028
28954
-30029
10550
-19488
-22330
-13340
-21281
-7699
-15951
11753
6950
26540
-16598
-19895
18812
-26014
26043
-24304
-28110
-4696
17190
-4289
12026
-24853
-27445
-10412
22890
-23106
24730
-8045
-22795
-23014
29415
-28038
-14441
4315
-13929
-17895
26150
-271
-6755
31330
-14426
20336
26882
-28375
-31133
-2264
28060
8327
24817
13861
11101
-19689
16685
-1260
-31531
20655
26314
10639
12510
-25470
29397
-13952
-4372
-16446
-8615
-21493
28539
-14841
-9129
-6091
-29388
9796
14003
8207
32466
16003
29527
15802
-11068
27707
11161
16310
-19687
22862
-22900
10640
-24921
20433
-25305
-11377
-31726
-18260
-1813
-17461
-3488
30695
-24325
-22503
8545
19879
-4282
29887
-2786
-26058
1227
2359
-1394
-26583
18163
27115
-19076
11327
19637
-29354
-12897
1880
27046
29656
-22001
-10300
10711
-25303
-5872
17837
6850
-25401
-5051
16310
26837
-27019
-5694
11201
-14961
-3427
-21955
1215
-12591
-11522
-16545
-24348
5706
12162
4997
21673
17708
18230
-6406
-22776
-3369
27334
-16412
30407
-6928
26077
-31417
-4344
-798
-22921
-30195
-28914
-23099
7757
23674
-25395
-9478
-28631
28334
-9237
-25868
-30337
31856
17120
-11214
-24586
25900
29838
22044
18925
3941
16706
24846
-17036
30325
3969
-2877
-13742
-30758
-24239
-28868
30814
-2228
892
10687
-24475
29726
25312
-22003
-1956
-8309
-7262
21880
-12807
-7337
-21691
13641
-20147
-23431
3151
21388
30254
-1505
16605
-5896
-28311
6533
6471
12191
7543
-533
-17712
22140
-994
-17272
-5061
-4383
10958
30196
-32107
-893
18304
13361
21661
31054
-30529
-8745
13997
-9725
-8990
-2001
5117
-16949
-20723
30773
-30234
-27125
-8203
26662
-32637
-32446
15980
-10355
5541
27884
17615
-21246
6423
-3608
-25202
7550
22053
7442
-25982
-30694
11465
12591
-23221
211
-20504
-11544
4551
-20830
12778
4669
-23582
8158
18521
-25396
-26727
-31263
-11143
7190
30304
2575
1262
-12111
1684
-14689
21612
20941
29446
8573
-13357
29678
-18412
16060
-1921
11466
3386
8760
-26068
-28671
-1383
-1698
-2376
13461
-9761
12098
7959
2671
-20696
-20757
-5247
5360
11165
22957
-14993
16066
18747
5652
26854
20389
-30477
13089
9236
12076
-17888
-27122
-19747
2721
-7270
11012
662
4217
30562
26385
14502
-24920
-9148
-12338
22196
11163
-150
27549
22028
28321
-7358
-8315
26976
-30747
19527
31717
-24751
8746
23489
4534
-24192
4888
4630
2289
22800
16758
-14016
-30932
19043
23935
10717
-350
29206
11701
31826
31499
25860
22089
-13977
12460
-26210
7564
2918
5899
-10099
23023
2722
-7702
20628
-31122
18176
32551
6528
-975
2767
-31088
1381
-13850
-18879
-15519
30866
-29714
2065
-28851
-11379
-31337
23186
-14045
-5397
-14727
2875
-5496
2479
16490
16739
14436
-2646
-25972
-1398
-31435
-3505
-26325
656
32709
-19272
23930
-6441
16857
12762
-31480
21444
-1920
-26755
-7541
16096
4998
18277
18325
13630
25690
5256
30102
6332
7781
3019
31176
22089
7720
-32076
-16085
32030
-26952
-25401
31481
24647
-20410
-16735
11199
-14136
12176
-14467
-21939
30813
-30484
1080
-12609
16768
30054
-26645
-22535
-10407
28158
-3349
10698
1609
-28619
13654
24017
-16690
-22080
-21661
17509
-20034
28018
-16422
-2833
14685
-21796
-17850
-28634
-19022
-17706
23441
17508
-11027
14463
29974
4731
22605
5903
28658
26745
-23916
-12627
-29006
-21650
14473
-5022
-3294
-7760
9386
29932
-27431
16828
-6789
8004
20342
-29354
-13102
4328
964
6545
-19991
-29234
-18847
13077
-30577
5182
-1282
12264
-4404
17236
21640
-19655
-5903
-4763
-15621
17267
31202
-25276
31954
-8527
22491
11045
25535
-6842
1419
-30369
-10730
22704
-15529
22164
-23473
-22016
4912
29655
-9206
4595
16810
-8824
4328
-30405
1285
-25041
-3951
-2363
-3062
-20795
-15967
30893
-21628
-28267
16542
17784
32604
2753
3055
22921
20414
22491
-27990
-7384
-3884
5984
-9938
19225
-26320
-20144
-9561
30038
-19074
-25356
5210
17087
-4083
-22516
23852
-27476
15029
16070
5460
-20037
29979
9259
-31271
16947
27244
24632
-11353
-14966
16031
23737
29040
31452
5858
24809
-1175
12448
-5122
-16649
1273
21035
-10199
-14053
16736
32671
24
17116
-29154
-26598
-24725
-12323
15614
-20986
23416
-23555
12033
20473
-7025
-13218
-11678
28652
3914
-13818
-20149
7707
8539
23937
-19803
25959
-9448
24312
-11050
29631
-26991
20426
24354
-12900
-1573
-16607
-20383
17177
-9022
-19398
-31226
-19331
-3654
14454
22950
27524
-8945
27774
-6949
22645
-22398
-20750
32514
-16627
32228
17201
-13083
-13807
-6416
-26798
-26563
7694
20753
-5245
-18040
-2651
10253
27398
-6340
-31475
14336
-2967
17859
24965
14211
6061
-20175
18227
-26654
9016
24181
-15619
-6007
-23547
-32658
31335
-27313
11631
-24713
-22031
-7266
-13778
-4478
15301
25832
26689
4273
-18355
-9059
-18136
-3019
30737
18352
-11417
-8413
32113
-13152
-25166
2659
16906
-13179
-29403
26911
3670
2721
24015
20152
29678
-31053
-12438
-8136
-4327
32268
15198
8345
-10400
-1817
28077
22400
11382
-3766
-11795
-28806
10629
-6269
4946
-4516
15782
21759
25070
-27105
15312
18016
-22659
24614
-13298
20585
10581
-205
26343
-2489
-10303
-23786
-9035
-13096
-23871
-7803
18567
15661
15675
29631
-23545
5229
-11589
7423
-22615
29624
-29495
26458
-26452
-31634
-28551
1850
-10158
9871
17491
22209
3217
16394
-24708
-29679
4732
27357
9792
-14182
25971
26436
19935
-22971
3544
20461
22589
-12607
23229
5847
25726
8413
-13680
1538
-32044
-5942
-5792
-14987
13968
-21491
-11286
-3486
-27787
-5364
10276
16769
-837
-9093
-5505
29141
29706
-12436
8552
-15907
-30999
16874
7580
27597
9456
2238
-5317
-1056
1291
25010
8245
22492
-30734
-22243
-30977
-14428
17573
11362
23651
9024
-10088
-3147
-1469
-3270
-19408
12835
21516
18170
31954
19788
-19918
-26237
30636
-3579
-26108
-7041
-17983
-26197
10932
17365
-26460
15137
27302
18536
-22347
-28471
11206
-2565
-2360
-21341
-9441
-12313
-16449
24811
27847
31604
25028
16665
4896
-10216
8862
17589
31224
12343
-32511
3790
6258
-25095
-1394
22315
32004
-17611
6426
-6882
-23641
18982
29498
-5244
-19600
19349
1761
-32204
12299
-21668
-11855
4165
16927
29734
-18419
17972
-9598
32394
-5077
30664
14802
24564
-15858
18139
-17621
-2004
-3881
-28400
-26766
-12075
-17176
21585
8323
8678
-15945
-15027
-6328
-32134
-19479
28244
-28164
-21886
31865
32513
3175
32241
-22546
-1505
4685
11807
1190
-11378
-1614
-13284
-8402
-10589
-22147
21843
12099
-15890
29659
-6269
4005
18792
-18646
16404
-21978
-20679
24408
-32034
5381
-30833
10979
8536
131
2602
21847
-9432
-14532
-21930
-11409
-31251
31175
-15021
12103
-12664
5360
31524
-23224
-26784
-2179
-2104
19230
27261
11646
18385
3366
2610
-31422
8711
25370
-4455
29054
27901
-29127
7609
13728
-32301
-26839
-17316
25014
-26027
31632
30897
-12233
26861
14221
-14367
22314
-17318
8700
23678
-26227
-30937
-13915
-22574
-28616
7358
-16363
24478
11043
14212
-4367
8115
-22771
14380
-6575
-10617
9071
-14187
23394
25774
-32355
31525
11121
7899
12227
-26354
26222
-23324
-19280
-6697
21384
-27018
-25467
-17707
-21820
12339
382
-819
23611
-21989
-28132
-30800
26719
3028
21555
-13282
469
23644
-4439
3820
-15994
7920
-11921
-30962
24700
19950
1392
-3494
28123
-4454
15184
-31130
-11603
26728
12091
-20243
12917
23912
10594
24931
18175
-13661
21732
-13261
8579
30955
24348
-26893
30474
-21589
-17963
20241
9731
8348
-18610
-21255
-19316
10494
13485
16791
24079
11340
-15169
20867
29482
26092
29695
-16110
19587
-10805
23620
-32627
-29493
-31530
16296
21153
4950
19868
-26547
29893
13057
28228
27925
-3281
19491
9545
-5855
-7425
-5380
12905
12301
-11397
-5895
12198
-2815
-12594
-32366
13740
11014
-32388
-14540
14538
12845
-5997
5057
2483
6955
10294
-16927
-8222
1903
-21091
-10323
21475
-29862
-8252
-7961
32571
31423
-26253
-5850
10571
17516
-13878
6940
25254
-10129
-7188
2151
-3290
-15134
17157
26855
29585
6835
-19575
31718
-4551
-8855
29099
-22391
-31050
2659
-8754
-28091
23992
18812
-21374
-3451
9674
4679
-1435
13281
-24393
3780
-25843
24918
-25298
-12640
11430
-30716
-29095
-23752
-15295
-26133
-26939
3087
19930
16086
-18229
-26901
-21972
-601
-9107
-31966
-2689
15108
-13351
-23305
2653
21192
1170
24981
14310
21562
7835
10056
-43
31616
14518
29976
4094
-4577
14471
28059
-14931
6288
-22619
-1837
15815
10944
-18317
-31476
-31257
-29793
11355
32683
-10491
5414
14925
-10828
2297
27760
18292
9136
7744
13465
3527
-9776
15988
-15354
5166
-10262
4900
-24141
26984
-28273
11862
19059
2949
-4106
-28340
-20944
-14777
-12222
-16667
-3788
-8845
15725
-24950
-6158
-9562
29122
-14747
4595
-2900
24687
30631
-4199
-7228
-12735
-1706
7572
-10751
29797
-14757
17969
7516
15442
14440
-4256
14382
22645
-11571
-11824
15883
20804
13389
-27730
21670
18736
20070
-32103
4628
-13718
31006
-728
-17312
16817
10717
-31818
7812
-21735
15881
16260
-19174
-29707
16845
-29045
24385
-22211
-401
438
31526
-17531
-32584
15183
8686
-22266
-8201
32138
-3173
-20982
3640
-8332
22908
2945
22288
-4259
-28247
32047
-2593
20107
6324
-5885
-9725
15835
5538
26919
-17446
1459
9140
17647
-20531
3468
3719
27188
-19470
12012
19965
21995
16840
15515
30075
-16174
9686
-26243
14301
18862
17262
-13714
24479
14603
21689
29548
6845
10619
16605
-25435
-16362
28360
-7982
30135
31529
-14867
-14307
-4785
-13165
-28404
8909
-6465
4478
-14259
24011
8765
-6749
-21651
27091
22670
-24998
10076
-4150
14059
-26089
-9937
-30593
11990
389
-22446
-762
-8357
-28749
-6749
9839
249
-24890
-24477
16870
-14916
-3110
12123
9166
-2802
24654
-1410
-10526
-27612
21446
10509
10732
-19993
-9219
-31314
21762
-29339
2016
-31499
30206
-28592
5621
-13498
-18457
2586
-19319
-22524
20595
-19817
-12412
-1601
7813
-14258
-17951
-17260
-22558
-16350
19817
-29534
-3504
-12261
26190
29079
22194
-5409
-16317
-25948
-25973
-32569
23273
-2014
-24581
14857
-29967
11283
2923
-13435
-27714
-20535
-15871
15686
-29241
12395
-16127
21133
-4243
-13279
-13670
19715
-121
-3341
-15569
9653
23088
-9301
-11926
30532
-32727
-74
21880
-14974
-10472
-29510
19487
31911
11946
-17322
25382
-20202
-7269
-16607
-24926
-385
27589
-31231
-4728
26237
-9363
-12385
6747
-25544
26647
-30221
-23037
-3670
7745
20376
-10884
9329
4537
32615
-16664
23439
-22659
-31364
-26228
-3830
25690
4951
-30170
25116
-21975
-5607
30191
8021
21681
25116
14623
-28803
-4045
-21027
-5048
30222
14222
-19597
669
-22385
7805
-19306
30015
10985
18388
16163
-1305
32267
15590
-19652
5892
-10335
-29548
-19733
-27612
-15300
-27857
-18630
-4991
-3796
-27460
-29510
1284
23051
-26152
-8422
-985
6247
17766
21337
15000
11835
-30032
-10681
21752
-15925
28857
-31177
26714
-28401
-14990
-20961
15113
11674
8537
31008
-1240
12148
29231
-20038
-9679
-23531
-14807
-18945
8204
-12427
23001
28025
27336
-25412
-15844
29535
15028
25733
30702
-23189
7134
-8218
-29975
-5796
-23348
10248
14319
-22007
32343
24097
-16900
-18932
28601
29770
-16675
-31261
-16653
16229
856
-22409
20930
-13839
-23740
-46
-15415
19701
25007
26767
14253
9925
24259
14057
-9050
10651
13318
14505
13590
16886
27083
22682
17242
159
29194
-26024
-32583
27210
14688
-13470
28956
31120
3103
-3174
19220
-29888
24469
23809
-14276
9522
28643
13131
-1658
7294
5777
-6171
-30491
-26536
13763
5157
-21799
-29749
-2239
18122
9675
-21412
-20204
14299
23969
13190
-12212
-21815
7495
5332
-25343
-5827
11716
341
9404
11225
-7192
-21456
-8576
-23078
7438
-4511
-14970
25409
9178
-13380
26641
-2969
-3852
10081
23856
-9058
4121
224
16941
-6292
-11604
-28242
12709
-26142
-23331
32359
30734
16434
-21087
-7592
8952
-3751
3219
-29692
8444
11424
-2676
6145
31447
14220
-27288
25234
-8302
83
-3066
22422
32255
22024
8870
26038
-14717
32257
-26647
-3116
18791
-3693
-20616
-10099
32380
4664
12078
367
-20945
4224
-17930
-20409
-29226
-30157
-3337
25084
-17852
24541
-3617
25739
-32194
19427
3550
-21492
-7196
-17716
3577
4430
13687
-20159
13883
27079
25048
-24985
-17607
-19388
5320
-1956
19413
-12692
28213
28062
-20391
-18116
1213
-9398
-18941
25590
-17424
-17905
-17491
16487
-20175
-16929
12973
31796
11924
9223
32588
-29664
-23131
1600
8726
-18140
-17792
27225
5385
-1580
27803
-14881
8698
-8210
-25196
-20346
31756
7262
17901
7165
31511
22692
-5059
-28206
-18587
24470
18213
9249
-10149
-4217
29140
27695
-18001
3439
-11406
11085
21941
29990
156
26952
16545
28743
-27399
-2106
-29421
-28644
-7505
7528
22850
10802
4507
-25462
-15295
-24281
16050
-10883
-736
11788
-11232
-15149
24229
-1158
11230
889
-2232
-10210
-17754
-16074
19780
-1424
-10217
20290
14909
-25208
24535
-8766
-6661
14601
5701
-8562
26218
22362
924
26848
26163
19637
-11720
27002
27850
15394
29793
-11215
-14723
28435
8271
28578
25162
-16632
-6972
3441
5878
23481
22691
-15279
17186
19297
-18120
31930
-14208
8894
18221
23329
30950
-7601
-28484
-8620
28616
-13444
6368
-17539
-12805
-2084
29024
27196
3848
9559
-3113
5349
9441
9381
30647
-7905
16877
-3697
27769
19778
23364
-377
15589
10252
18064
-17881
-8311
31547
-14928
30166
-21465
12037
-21644
28319
-281
-22065
2335
-17938
-12570
31078
6875
13753
-25544
-7975
5304
-6406
-10553
25144
19069
-26704
29159
2470
19864
-2715
-26737
-29045
2288
29117
22605
-31226
22274
5251
-31183
14807
-5483
-21056
-2577
-1516
4464
-23310
23930
-9212
1108
-9348
5630
10393
199
27112
-11943
6469
17334
521
1031
-24356
23310
-1382
-2167
-13507
-10215
12127
11260
-6624
-16491
-29663
15424
3330
29489
17197
-13009
22799
27132
-8049
-2366
-7429
-7218
-4338
-24291
-30014
-31176
-24696
-15812
-168
-25748
12127
7665
-13874
18630
-11797
7486
31126
16447
-17493
530
-1390
-11996
22442
29911
-14654
10813
-1525
-20684
-21877
2382
-23122
10386
-18323
-26138
-3850
2242
-26159
-16904
6658
23907
1251
-1115
-12681
-2345
-29488
-17886
20918
-24950
29120
8424
-9228
24418
6754
-3767
-26358
18032
-21525
-20407
395
7720
21535
-9870
-7364
-23762
-7672
-12772
-25614
21701
-9351
11739
16326
331
-26898
26884
16027
28086
25134
9815
25088
-32323
4462
-2257
-12535
18413
-29459
-2554
-13727
18042
30695
30852
-23807
6225
-13815
18704
10667
-17317
-18018
4572
-28911
3130
16966
4261
32490
-31525
-17284
-23540
-5253
27398
-12446
9301
-24408
-20875
-13442
30200
-7580
-28314
31051
5667
-83
14730
-6790
22198
10539
-5268
15438
-24547
14993
17163
-1592
29269
31247
-31460
-27340
-23942
21432
25556
-8912
-4325
-22144
13099
21243
29789
11244
-577
7519
-19866
1110
27860
32360
1927
22873
27190
-24951
-22984
12026
-9120
11461
-7370
-208
9143
-2152
10133
19968
-3
5033
-9619
-17520
-5055
-32134
-2465
9353
-16506
-1239
10246
22972
-23906
24948
-15514
-4149
988
-22886
16770
-13795
31567
-9640
-9588
23705
-22624
8879
-19558
-15804
13374
12882
29271
-20573
32003
15183
12779
-13010
-16112
-31476
-620
-31412
-21608
-15632
-4353
7676
-30642
32612
-30374
-30705
18358
-23511
-23373
26951
9740
7438
-6643
30237
-24402
23588
-23377
6340
15285
31464
-27912
-13043
-600
8819
29641
8245
12981
7500
-22243
548
11762
17211
1826
30169
-26347
-16172
29842
17419
3518
-9443
11405
18966
17779
-9863
24533
-14038
7596
-22294
5697
28317
8347
-20751
28480
21503
-27624
-17716
-26254
-10490
25770
-3472
25551
-30620
-19981
19796
-23835
8328
-19871
-11090
-821
16232
-23531
-10311
13025
-16662
22378
7849
-18585
-26514
-23263
14187
28221
-23073
-5295
-9392
10402
1733
-22294
-5911
5232
13796
32275
29289
-4307
6518
-27319
-8984
4435
-22041
-21593
-10436
-26848
20861
-8693
4210
-29864
-17010
17004
-23285
17944
31734
-24097
-26584
17417
-28483
5245
29201
-21177
29071
-17442
-25600
3111
-15345
-21677
-5507
-28287
3610
-22347
19728
-18038
-7420
-8989
14045
17869
32683
21291
-8354
-10764
-16153
7767
15946
5930
17983
-21913
-29514
-4920
8960
21351
-30594
22072
12661
-17285
6723
-18945
-15404
14941
10694
-14136
-3724
-31785
28567
-20212
-2398
-13992
4127
-10073
-9976
30282
18289
1076
-5280
29361
21639
-14176
-13986
31605
-11290
6929
-9727
-27703
5403
5616
-13897
9147
-1663
-23736
15040
-10243
-15402
-28522
2751
-21362
-12664
10624
-10372
17449
-9663
-18580
-9975
-7534
28459
10799
-30583
8256
15227
20941
-27056
-22643
23699
5307
-24498
-5171
10759
4150
-28788
24067
-32112
-30191
24586
-8167
11914
16739
-10886
-12886
3281
11840
-18830
-12503
-6320
11405
-17512
17109
15244
-23084
-3544
-14455
-19276
-27376
30569
18715
28654
-7835
24445
-26946
9226
212
-18053
27220
-5613
28411
11767
1487
-15167
-32566
22228
23571
-13065
2756
9048
-7883
-14670
24310
5660
254
-23611
18182
-26274
22269
-24971
-1211
-323
10486
15279
13188
-28900
-24298
2402
-7350
20429
17965
-22971
-17894
-24302
-23804
-3147
26492
-29586
20396
24526
21794
29283
-2432
5980
21698
6840
-18882
-26533
32157
2875
-15743
-789
30741
-24219
-15635
-28229
17229
30095
-21390
26185
20181
-23037
-22102
-28454
-20121
-8814
23520
23633
6127
13775
2666
-2445
-22138
-22759
-31798
-7182
13350
23548
12823
16343
-19865
-9785
32237
2954
-22070
-9436
14243
6514
7345
25738
6061
24290
-13180
28354
6177
8240
-8115
2801
-12737
-16364
-25274
7654
-25895
6885
1428
9415
8491
-513
-18981
-5373
-19049
-20177
-13864
9882
-21317
-2540
-17437
25054
-12925
-15986
-28801
-15967
19467
-23442
12278
21937
-12837
13934
8815
1867
-28631
11876
21470
15915
-19039
2314
-23227
-27966
-31940
-5544
28811
5474
18295
9993
-2243
-5368
11294
-9442
18375
-20738
-5939
-24105
3629
29183
29958
10916
1691
-13049
21876
-28368
-2489
-32376
19782
10144
29677
-31434
-3316
6692
-4243
-26546
29573
19016
28258
-2949
-32086
-9698
-24734
7530
5218
30329
-10021
-21275
-13377
12135
-1449
3648
-17301
997
25633
-23527
-791
-7556
17027
19166
4689
7424
9214
25958
-31630
-29673
14411
31810
29947
-538
-30692
-12363
32491
30139
-28428
-26623
9263
4552
-3910
-30351
-21927
-26632
23967
16514
7653
-25730
-23310
-21171
-32517
9776
4443
-21912
21832
-25478
-18921
7438
-17038
11311
14141
17188
-5673
-26702
13468
21212
12958
-5856
10864
-5789
-20271
3947
-26121
14692
7336
3528
-23708
10751
7245
1261
16618
2253
1400
-10633
24142
-30850
-258
17599
2192
-6626
-17275
-19794
10718
-15047
16044
-9907
-21967
-4256
-2174
-2196
-7678
31721
11881
-21148
25447
29863
11853
949
-15816
30029
-17297
12927
-3337
-25113
-22018
-5793
15967
-29574
21984
-4300
21607
30854
22833
11488
-22580
-21592
-11571
18895
3694
-11869
3640
19009
-11519
17417
-25988
23632
17644
29341
29570
9625
-4350
-29704
-14423
26833
30421
-13249
20924
-29241
28620
-1140
-16639
-7990
-16499
633
-15668
7170
-25433
-9528
12220
-3755
-27388
15209
-8907
10354
-28048
14259
-27041
11965
-32260
26881
1299
-9182
-15756
-6308
-29404
21962
4182
-24111
9392
-5172
-17221
-17507
-2911
29308
-29550
-19708
23491
-5632
14827
-25697
-30821
-16045
17251
-15780
15343
26606
4767
3246
-25579
2310
21190
6304
-5569
32709
10046
-28444
7449
-18704
7718
26700
-6635
27114
7774
-32547
7460
15905
18412
-18446
-2979
-11085
28618
1561
3958
12222
-5518
17451
8654
-2631
10303
7112
-9640
24217
14946
24382
-25831
7383
-29358
-24522
15426
21652
8873
25156
-17790
362
6380
22702
333
5441
30869
2602
-5277
25989
24523
-24458
9900
-12093
-25238
-13606
548
-25122
-9158
1611
-10174
4284
12666
-15479
-8920
16773
-24421
-18894
6154
-2757
14710
19452
28129
-10793
-25743
-15118
-15842
5378
-21973
-26132
-25109
-27945
-31377
7737
5522
16939
-27840
12901
-13947
19885
-14389
20898
2655
-14228
-24340
30548
-25515
11312
13626
-29538
-32149
5086
-5622
21188
-1349
-23619
24754
-20340
-18290
3614
28863
-20159
28487
-26589
5033
-17459
11543
12394
-6943
2552
13088
10917
18212
-16105
24181
4666
30819
31755
32695
-22707
-32063
10491
-6343
18245
-24433
23971
-508
21163
-32394
3416
15360
25501
-24433
22788
21005
20392
-32248
12487
14568
-24324
11302
2209
-9192
13883
-9834
20763
699
-11823
12140
-12011
9320
-9403
9423
20186
-24080
32037
-26085
21347
13403
5578
-12850
3809
7084
-22450
7755
3562
26508
-6057
-8118
29902
18623
16626
6407
22873
19270
-8671
-8750
-6835
-2942
-5842
-14572
8717
-7886
-15188
7055
27444
-18461
-14835
-14923
-2200
-13222
-1056
4218
-10167
-27004
-1970
-3834
-16871
32335
9807
-4373
5670
-15918
22139
-21690
28787
-20939
-10287
9970
-20102
4037
7663
-31840
12705
-26501
-5555
18937
15929
-24188
-3049
-20659
-7409
-11268
9730
-16027
-12839
29638
-756
17098
11883
-20335
21847
19958
-10580
24796
-24580
-16701
5763
3176
12831
-6997
8216
28541
-20276
18693
31379
-16173
19527
14554
5620
-9969
27266
-4012
21328
-23283
-2325
-30269
-11734
-11911
-21775
2425
23178
25224
-303
15240
-31232
-31861
23137
-1182
-8405
22050
-8381
-5750
-3904
12653
-31561
-17982
-14986
-13814
14490
-18845
9066
4024
17810
-24803
3171
-26357
8506
6894
-28434
25619
9747
-1572
-16307
-8026
9088
-3747
28758
-9463
-10210
17658
22219
22571
-904
22983
-20849
-17532
24576
7063
-14326
29342
-31416
-24442
4758
-8881
22341
23251
32659
-25442
1802
-14553
21328
25802
-16957
-2815
14796
9570
8456
-17634
9405
25408
10700
20537
25523
23937
5705
-532
20819
22780
26516
14494
29973
31347
5698
14675
29825
-2539
-26447
-6766
-31472
18547
-24676
-28377
-32515
-25566
-4575
-17820
-21594
218
-6919
6299
-1390
-32723
-11240
-9662
-16585
-1999
9927
23705
2512
-32498
-369
23196
4467
-7384
-5346
15989
-22277
-28817
9820
989
10273
-12814
26865
-5640
17235
-8282
13862
-10848
-27464
18744
-28925
31896
-16289
10204
-12788
-14634
-5283
-31841
-5149
30820
-29105
-27483
-21513
-7232
2910
12475
22703
-1893
25327
13453
-27569
5495
7146
30745
-5582
-2097
6455
-30017
24408
-27063
-4681
-12360
8813
13033
-22345
-28385
-1017
-12633
22005
-2433
-11732
19097
-3639
559
3844
27104
21676
20086
10187
-9588
-17447
-25292
27961
26506
-21568
26743
-19807
9902
-21164
22263
23631
29384
-25856
-12428
9894
-11912
-17436
2639
2166
-5330
8310
-30593
22842
3312
-22757
-15829
-9977
30849
11130
-21417
32300
-13355
1365
-14053
31290
18244
9177
32693
32305
78
-18867
-31292
-26324
22703
-15230
20761
21844
24686
-2224
248
3333
7287
17415
-3453
4985
23752
-20387
-31840
-29004
-18851
-25255
-4153
25752
6132
26164
-8600
10550
-1534
10577
-26911
-20548
-7498
3989
-1171
9590
-24495
-4155
-14197
28161
-22005
-32183
9174
12357
-24080
-17664
12785
-13864
-28601
32156
-7002
-24338
16170
-2252
21894
8152
22687
19862
-21184
-14084
-27647
25929
-7272
7301
-28121
19727
9554
29457
24455
14510
29307
18933
12509
-518
28432
18681
14153
-29118
-3238
-31791
-308
-12776
4151
-17995
17569
-10179
12300
-20696
-25947
-3233
-5340
1404
15543
-17949
17554
4611
5673
-7499
-31569
-26380
13186
14247
28003
2667
-7866
-11164
-5983
-3510
-19947
25325
24398
-9276
6691
5116
-28630
-12309
-9500
-25770
-24434
17185
-13991
-18823
12449
-13361
4872
-20764
19903
28069
19991
7997
7632
-18673
17536
-9584
-27387
30226
3772
29255
-27726
26163
-29494
32471
29426
-15185
-25823
185
-21249
-26059
5713
7159
18562
-14664
-28521
15656
-3759
-781
8382
-21642
11930
23742
-26652
-12066
-13605
-11900
-30544
2519
24176
-2114
12516
-17013
16547
-5108
32294
-15698
-25225
8332
-21200
-4603
-505
-6778
20562
-10282
-29498
-8218
14157
14964
1080
29009
-20945
-15951
-3239
11558
15889
-20861
-24948
22429
8253
-13512
5780
5531
-24532
-2004
3723
-2481
-30931
16780
18669
29735
-12251
-30472
18205
-16932
-7259
-16408
-24631
5106
-10685
30132
-14574
1454
5094
-26919
-27533
-19778
31655
-25229
-27214
7696
21061
-32647
-26006
10881
20798
-26705
26334
11521
-3355
4676
30028
17606
14058
226
-19083
-29269
11181
-28096
-3476
-30868
19188
-16796
30092
30414
18813
-10986
-1222
32063
28115
3827
15563
-17404
103
-14331
-15532
19211
23757
-26621
9461
23439
14351
27634
5344
-9660
9541
30621
22852
-6576
-24148
-2010
15605
-23660
-27033
-29346
-22975
20466
26609
-10905
31199
3816
32192
-26686
15505
-31633
-14458
3873
31883
-697
-16005
-3768
11167
3542
-1925
3384
32607
-1573
15444
22307
-8020
-16006
-23291
-1163
19456
-15808
-18998
9886
12240
-607
-32030
-8729
22015
-19033
-11686
2377
-15017
-30133
21478
23429
-16942
-1657
5510
-17779
21151
14146
-21666
-2595
12073
-7503
6145
-13796
16766
28162
-20657
3410
-12220
24086
12914
-2253
-19097
-14789
-7867
17600
-32728
-26086
-14699
31425
-32563
8991
-10273
27489
13222
-236
14634
-1534
30990
10248
2828
22812
-25563
-16042
-28841
7467
-5466
-32395
-15150
-29986
10707
-4510
-19658
22224
16814
8441
-13174
23160
-7341
5956
-19409
30689
-17513
-28959
-6824
21712
20563
-32607
29869
-29757
5935
-19533
-3745
-1971
-26358
6340
10999
-19741
1271
-30718
-28212
4014
-32428
-993
-24723
-9474
4254
-484
-14848
1597
1358
-2824
16929
10856
-2325
-9348
6935
-1437
3692
-13257
12343
15582
14785
-15695
21774
31392
25252
17146
27437
-26909
9582
-8650
-13611
-5467
-8955
-40
-10970
9349
19768
-29714
-4963
23593
-57
9547
31985
-1669
26036
24633
-9519
9496
602
18032
-10682
-19070
-18388
20954
1152
-9736
-13614
-479
-13622
25610
30430
-16706
-20911
4370
23630
25727
-20677
26617
19387
7816
28270
27632
9574
-3176
32384
27065
1256
29680
32237
24183
22791
-3758
-10234
27751
23595
29426
29252
-25141
12829
-26156
-2797
25892
14779
-23231
11858
16897
-25556
-28626
31893
8444
-17281
-16061
2585
21446
24045
2738
12585
11171
208
-7086
-9602
23850
-8513
-14807
-25529
-28803
8403
-29240
10714
30951
-23105
-11261
-17672
21456
-26045
12078
-32287
-5829
29021
-17984
-781
18541
164
-8752
3587
-13348
-30665
20569
-26950
-5964
17686
-12733
-24338
-4135
-19920
-2854
-30884
3940
17228
-18313
24134
-15028
29558
-1126
26771
-9454
3612
3933
-24966
-23400
3244
-1956
-6346
-27961
-16426
29574
10728
6681
10110
-8105
4294
-22487
-27098
-21515
5641
-28498
-28218
29736
-55
-23285
-23424
-16223
-15244
2564
-24888
15422
14039
787
18873
6472
-32086
-16503
26644
-28216
6082
-18050
28679
12008
24876
-3067
28572
-30241
20177
-28762
15893
24242
32382
-2922
15119
2944
30743
30961
-31400
-20554
5672
28232
8754
-25966
434
-17718
31520
22972
-12501
25526
-920
-4268
-28175
-4814
4705
-636
-28017
-22885
23915
-13424
-8827
-27218
3156
4088
17886
1149
-29785
11960
-18102
-28922
10627
-3899
16367
-4766
-2387
12325
6517
32457
-19553
-29875
-16781
-17789
31577
-16954
20338
3543
-6417
1886
5322
7908
18424
29943
5281
8104
20727
16458
-25293
-23632
-22227
-15003
14483
-28216
-13841
-18272
-11406
25875
18504
-6653
19902
-28561
-3542
5049
11943
-7794
364
15048
17336
-15191
-10946
25466
-16625
-22969
-8837
19434
16228
15212
19230
7750
21050
-24319
25927
3432
-15367
19389
23246
-20859
-31918
7070
24216
-9526
1415
-10000
21155
-13421
5071
32457
-11427
10141
5750
-31088
27423
-23704
-32495
-16379
-257
8723
-8250
-30635
16739
-14731
-18537
-6590
-27341
-16902
-1682
16221
910
6290
21313
-1841
5810
30606
-3236
-23677
-6096
-23393
10892
-8099
-18634
-20435
-11140
7058
221
