1106
-24242
-4211
-2893
28888
13128
26724
-12018
-13268
23108
-23708
27766
-9663
-12512
-29252
10358
-18558
25732
28141
11699
8007
-31901
3495
22712
18839
24810
-30080
29182
20864
13727
10229
-2703
-31872
-22250
-14345
25680
-18846
-18968
16551
-23799
-28622
16558
14046
22039
24189
-4893
-28520
-9331
17435
32169
21274
32258
-10948
-27272
-5189
13180
-5352
28826
-28136
27723
-18284
-14884
26886
28635
25889
22235
-3536
20818
-9276
-10881
-23577
10928
26106
-20781
9475
-21067
-29485
8512
14891
13784
-31351
-9850
-2215
-5603
19061
8539
12558
-6295
17074
1952
2803
1542
10756
12794
12300
7490
-2856
18202
13694
-21934
2785
-2683
-3997
-25966
11340
-27553
-30724
-14987
32503
-5539
-8148
21081
18370
24951
9791
15086
11988
-14396
972
30174
28191
3866
15219
32347
-5283
-18564
6554
9862
-14091
24757
-29603
14518
-21252
17744
-31803
-18120
-7399
25941
25841
-20847
-22751
26856
-7983
-31377
2986
-19534
-5813
-23826
4715
27153
-14921
29181
-7491
24130
-14201
1247
6923
-20490
30288
30590
-13203
18701
-6025
-16542
16047
-22175
10159
-20257
12905
11879
-840
32272
-25039
-29314
14804
30302
-22176
-24374
-15163
-30005
5140
-24508
7507
-12183
15266
14586
12380
-25425
26170
14549
23110
-11295
7440
6964
-31494
-29556
-26614
-11221
-28813
6581
-9164
-7565
-15450
14272
-19792
-12285
16163
-20678
6579
24287
31604
24133
-29939
-27280
-14805
-20258
11745
-31160
-4462
11025
17812
-11089
-7752
-1405
-14972
18561
-29016
1079
13602
-26162
9959
-21383
-10531
-31276
-31905
-9570
-29830
-21383
8523
13177
-1672
-20130
11417
-149
27010
20290
6970
-7517
21712
10313
17109
22159
-32031
-32307
-22052
14991
16354
-23824
17804
17572
-24512
21864
-30075
-4711
-7037
-29057
-21729
11358
-26154
-15096
15685
-4015
17814
-16022
17847
32203
-27343
-3531
22225
-28329
-24414
11068
-13519
-6308
-6219
26918
29675
-27871
-18470
-28107
26742
-802
5665
23986
20538
-13165
-17494
12712
-12286
26129
-8763
3344
-16929
-28223
9967
-2088
9671
-5643
16429
-11822
-31558
-12467
22732
-9131
-4554
16887
32749
-29157
-32606
6450
23074
-8450
-12936
6901
29968
29554
-29364
-22541
-22283
5540
-14141
11387
-6386
-6513
-443
-7856
20862
27301
-11967
-21566
1068
18299
-3179
-10252
-21360
16529
10044
-12976
-11803
-10653
-21039
25142
-21728
-17024
-31294
-31519
15146
21948
-22237
25331
-16280
-10767
-12289
7222
30762
-25029
18564
16176
-23175
-16793
27125
-3257
-15251
-20578
16626
-18981
13056
25725
-4827
-10985
-5728
-16376
-19901
-19686
-22027
-4426
-15204
29402
21334
-21990
9103
-28834
-1417
-19118
4192
15638
7492
-2341
-29896
-9440
8767
13279
-11311
-17462
-7237
-633
20438
28485
13379
-12236
-20482
-3483
-28012
7176
25935
-2793
24459
-12656
-28822
28780
29355
7991
-18175
20252
21761
3132
-31691
23092
12849
-11113
-10889
25642
1426
-32292
24930
-111
20903
-17306
24637
-28674
29403
24415
23947
-12991
-31290
-11443
-24940
-9114
-534
-12582
-16242
12768
-30957
22188
-15229
-6031
-16777
1787
-14101
-25801
16069
15686
-18286
25158
-5249
4439
-29526
6018
18800
-11414
27386
4030
-25890
-15421
22642
27672
14627
-27809
-16271
16196
-26863
24882
-5650
26131
9304
5290
2624
25956
-15751
-2718
-18741
32309
-24710
-24733
1213
-19856
-27927
22265
-16656
-23120
-12759
29826
28546
-23182
-18315
-5799
-23789
-2482
26849
-12694
-3059
19463
4362
12074
-7314
-21324
-4874
10359
8732
-16445
-13789
26485
-31612
-10845
8575
-20202
18219
24716
-11280
12707
8134
17834
23586
9610
-4048
621
-11447
-6219
-26397
-2189
31513
-11897
5159
-24845
18590
-28965
19717
2108
7186
-15203
22578
8656
2212
19505
7344
-3274
7153
-9766
4924
-15885
22907
-9031
30074
15779
-347
-31382
15189
-23781
24121
-29548
1728
-18633
26020
7404
12643
15169
-22293
16696
22670
12503
22416
-6087
19365
-18859
-4994
-7697
-28815
-16033
-1230
-2648
8170
23659
19607
23440
7237
-20097
23054
16822
-16071
29555
-10177
-12895
-25221
-9837
-24374
-25755
14952
-16255
-17535
24701
15181
30910
480
19116
18881
15048
13696
24762
-28047
-17774
15925
-32138
1872
-3535
23655
-27402
14790
31813
5662
29637
31353
11919
9841
5134
32351
-21968
-9092
-9204
-16727
836
-658
-11705
19550
13349
-19762
-27793
12192
14723
16985
10918
-2900
-30339
-21332
-28387
-31558
9674
-4237
11789
-17012
-6710
13162
11175
7857
-11834
-26237
-19089
-26398
-7871
27977
18649
452
-9462
-25385
9377
9109
-14314
7248
27245
4122
-13528
32225
7578
30985
-4853
11274
-6492
-10884
-4484
8933
-26967
3362
7477
-10367
14881
11857
-23518
23678
16586
12556
-10999
-14449
-2446
-27325
18771
-32070
-31155
-20232
-18842
20576
-28244
-10722
-28413
21756
19711
-13182
11054
17616
19806
20907
9577
-393
-29264
8292
-24610
8853
-29649
-29765
-16001
18930
-2944
-28651
-6486
-32259
-6311
-24994
-30202
24758
-18258
1016
8819
-30875
21235
-17116
22406
13721
-20741
10556
-31558
-19408
-20071
5618
4190
-18575
376
-1462
-32303
12389
3752
20807
-22545
9442
-8713
26538
2865
-23982
21893
20217
-9593
-13193
-17871
2716
-17882
19963
-17770
21033
-15875
-17773
1931
-27125
-6061
-4694
-6377
4347
-22982
1155
8307
12151
-27773
-30951
-13669
-18457
-30654
25453
8804
-16991
4131
-14775
-22697
-8076
-19433
66
-18683
13302
-3093
-31329
-5450
11471
15258
-13812
29237
25716
12223
-12932
-23182
10053
566
-28295
28089
15916
-22864
-604
21580
10313
-25698
18165
-31358
5149
-25027
7013
-8740
-29165
-16191
27398
10733
-9662
400
8089
19381
-13509
-28007
343
-8228
28455
28005
32306
31108
-19568
17549
10630
-30709
14475
5477
1013
24775
-26052
-17686
-2796
-11061
-3058
6407
-26774
-5434
2436
-17992
-28565
-924
-22835
-21644
-26373
-18707
21918
10269
22293
-1840
30769
28318
-14337
15192
-12450
-23152
7870
27650
-22196
8929
15250
-12704
-16211
-10138
6960
-6892
-20334
26720
3386
-23148
-23673
-13999
24364
8623
-21394
30745
-32256
15003
21410
-12340
-3599
27508
-25343
9694
-23736
-15499
-17978
-4211
-18121
19063
-29677
-20144
1734
18336
19857
-16233
-4793
14782
-7368
4444
5164
28837
19217
-21363
-17171
7225
19771
-12789
15684
-7858
23368
27847
4501
-25772
-28177
-7202
-11445
-3394
5867
22652
-1872
16861
20100
-23253
-20540
11343
15285
-30555
-4552
17071
20776
-2016
31750
5885
-3915
-3971
9046
21663
20085
-20722
-6059
22606
24369
-22909
-23974
-248
1693
-16516
-2172
31190
-20149
-28805
20070
17341
918
-5055
-19512
-3058
31217
-10433
-7679
-15382
27369
1750
22948
-24378
-30476
-26077
14055
-12945
-3259
-15053
-23574
-5798
5166
26330
-9778
19720
-15569
12439
23565
26783
-25292
-6385
-13569
27227
26523
-22417
13351
-18399
-14712
-17700
5444
-18589
-587
4083
28602
1401
-23684
10967
16654
-11896
-32406
545
-9364
14870
29420
10330
9285
16220
-4195
639
3703
2553
26311
-20368
-24430
-7561
-32693
-8720
-11730
-18051
26120
9296
-10739
-14626
-1693
9523
-17908
11623
-12785
-2447
21320
16505
-4784
1207
2428
-15732
32754
-30216
1576
30776
2129
11152
26436
-9971
11461
24442
-16277
1222
26080
-19080
-22824
-23533
30474
17895
-8432
18256
19447
14618
-20738
27881
-4980
-2977
-20533
26341
6406
-15015
29509
-5076
17894
14577
21743
-13854
26080
21016
19558
5432
-6364
6259
-362
28531
3469
-14011
9872
-15771
-29209
10161
-2158
2553
11544
606
-13707
-15707
-2442
30122
7396
25947
2388
17247
-30197
-1999
28216
-3547
787
12823
24515
-12350
-9796
-29326
20724
12707
29902
9288
32302
25878
-29632
-29210
30311
22080
4977
30160
20636
5566
25005
-3562
16949
-32581
2288
-26482
24188
-23917
77
7061
-7873
28315
-27467
-30992
-9417
11228
20474
19899
7267
-5143
2695
9456
26069
-5301
12052
12166
-2603
-15148
12508
13567
-21354
-31850
15134
9737
16351
-19784
20753
-21204
5752
6750
-4349
-6268
24413
32048
4436
28541
6494
12131
-328
-27521
-31189
-18678
8168
32323
15613
5006
-10760
-21904
-953
-28424
1751
-22809
18118
30970
-14612
-9919
30808
-4302
-11797
-5055
-13578
-21311
-6826
-5115
-3325
9114
15022
17005
18185
-16954
-25924
-16314
-31318
1903
814
-1548
-5447
-7232
-10553
30214
19662
6009
-15574
19098
15
-13988
-13243
7052
5568
17617
17856
-24571
9793
-10578
-22417
25615
27777
16960
-14377
-15772
16794
-11150
30411
19651
-8617
-1513
10516
-31438
24770
-18941
-19814
21378
-8142
-28707
-14220
-6607
-9828
19161
-25944
-936
-950
11976
-32470
-5190
-1967
3915
4316
-11484
14711
-10198
14528
16611
23491
27049
28603
-11443
31413
-1177
-22481
-32569
-696
-16143
27702
-10200
15771
20160
8085
7059
-23948
12035
-13038
9630
24520
2487
24342
21889
-27626
1549
-29022
11176
-32335
-5025
-28698
-30218
23899
-12451
9370
-5110
1670
10836
-16785
28298
31510
-32733
18154
11747
-15946
-2465
23437
17356
19512
-9311
-1955
10007
3997
-31894
27533
-5403
-2573
14877
3696
-1638
-20372
-27567
-6447
30681
26428
-15808
-23934
-3186
-28687
24912
-26392
-32201
31293
7884
-21204
5825
24948
-5817
-25683
-24525
-12071
-22437
14237
1091
-31922
-4439
-28001
-26346
12909
5195
-21607
-11049
29150
10369
13446
5683
18170
-25238
-12666
-2507
-13428
-12004
32021
14376
-26525
-16959
30132
21550
31046
-5788
17017
-27342
5561
-20243
7428
28725
22577
7578
-10945
6310
15743
22853
5973
-9574
-19064
-28740
-313
3838
-3217
8762
25935
-28642
24189
14321
-15809
-16270
7527
2059
-14143
8625
29426
-13428
27753
17382
6673
20098
-24376
24360
8409
-11549
-1777
-7277
-9037
-13843
-2023
27447
-21258
-31573
-22681
1581
18426
-19306
11075
26972
21532
-29677
-10871
24796
936
-21426
-3491
11050
-20635
-23147
-23218
14217
19116
-8532
-24676
19172
24329
-8712
8891
-21365
16713
9172
810
25147
-22931
26401
15344
16505
3145
24797
26703
858
28622
12773
-27495
-12162
-3334
-14137
-18668
-30783
30853
-7990
4446
-32046
-3753
719
7218
4305
16386
16279
-5544
-23370
-10589
-2063
-30438
21650
-941
17903
4592
-23863
-6454
-6449
32413
2597
21499
29589
12998
-27449
-7639
-23527
-21580
30821
23793
15006
-30998
23015
-4963
11764
-28706
-18211
-17897
18616
19022
-20827
-25146
25396
-27265
10868
1762
-24707
27224
30569
-7848
-3285
-8772
967
-18971
-24615
-9990
-31819
14594
28858
-13818
31317
18972
15044
-16691
14796
31667
9288
-12610
-32196
9939
-22450
20805
-24495
-10409
-11619
6886
-17975
-12774
-7632
-21484
21708
9329
-23402
-1946
17675
-20132
-29553
-15243
-23777
10772
19517
23076
8949
22845
-7878
17192
-11763
12779
4134
-2158
7833
-19570
-24159
-9970
3882
-9626
-32612
9332
-20854
-12761
-24440
-17006
14345
-30124
-3114
7611
3520
5993
20588
-1253
5728
-14554
10641
-6034
19931
27793
-10495
11957
30882
-5898
-3023
32147
-9388
-28042
3798
13552
-26879
-14082
8662
18905
-16086
-26090
27523
7518
-967
8959
-15100
-26209
-14397
17179
-23834
-3797
-26977
-8647
-26146
-26858
9781
5469
19140
7026
10942
30710
-26631
-5141
-21413
30080
1885
-18326
22702
-15129
-5996
28434
19404
-13261
16404
-7849
-15439
23585
10844
21342
-14507
-32358
-27060
31839
-11932
20085
22649
8089
29613
-9491
23760
31105
22575
12290
30828
23275
12099
-480
-32182
25221
28168
-15529
25282
13133
-6336
20834
-29359
-14658
20033
12442
5392
556
-6619
-16773
3253
-19962
-22985
-16747
-10955
-12298
31591
-19122
21152
7667
-30096
-14490
-20534
18098
24590
-1548
13074
-905
4486
24629
-12121
-3185
-9667
-19311
10117
-9387
712
-6508
-8313
9157
15842
13050
-16866
21131
-18617
19157
-9807
5820
25691
-28094
-19250
8990
11678
-8631
8251
-30282
24773
-30150
-8283
-15850
18691
-28997
30843
-25140
-30979
20049
19350
-23918
17956
13064
-22878
11728
-45
-3421
-13259
14971
11785
20895
22404
11632
32149
25794
-48
20518
-31952
8917
26867
32313
2071
12230
-20241
5502
-10299
15493
-5930
12026
16638
25904
27346
-11924
-21751
31110
-19021
-17529
19903
-24574
-31074
30056
-9530
-20651
18511
-2724
25156
30619
-3444
15330
29361
102
4188
24380
-5768
726
-12487
-10193
2632
-32738
-13062
-24515
2403
4632
21727
-28228
-20297
9445
-12954
-8131
7846
11239
-21976
10187
29079
18590
20909
-25541
-17843
-8909
-5483
20661
14939
-12718
-3155
22681
-17069
-29804
14566
10416
-32341
-26586
7909
11193
-3880
22169
-31313
-24038
6170
-29756
27534
18575
32153
-13137
-2584
32554
712
25647
-11162
-27688
-568
19952
-15624
-25122
-9929
-18391
25943
3216
183
-9395
4720
-11836
29014
-28680
25720
864
-19228
3827
8168
18649
-4261
-25521
7914
3781
32180
-7306
-19546
29755
8289
8816
-14712
-11722
26621
-14101
22206
15311
-22821
13161
-8855
-6195
-27292
-13504
-31470
-23660
12703
-29599
8684
17770
-11761
-20454
-20079
-27524
-18460
31160
-8286
31772
-9252
12765
8666
-9813
-20775
-9140
24057
13875
6352
-23638
30437
-9829
14895
31986
-11070
-9901
5773
29339
-10065
-22421
10119
21999
-13379
25072
16423
13256
27674
-26553
-24501
-17063
32200
23508
21421
-14396
-7914
-26777
-12899
14033
-13599
19596
-24380
-27447
17648
30574
-15551
-12160
-6254
-32501
-7385
-28827
21485
-15321
-10199
-19664
-28295
11080
9949
6250
-18925
14012
-18435
-23167
-534
2511
-31487
-25856
-27071
-16723
17741
-23980
-22823
-13199
2759
-9568
-16618
-19447
-18679
-26696
-16771
25993
-5093
-14833
-14840
-2362
14744
-13649
-6209
28790
-23131
-3651
-29673
22000
-20811
23973
2615
28510
27109
-6064
15282
-14145
-1615
20209
15778
-2403
-23778
-17290
2224
25158
26421
-24628
-12872
-6785
-11994
4348
-22746
-15935
18718
21156
1017
24459
-8649
-26566
-27061
27982
-24421
24637
-2658
32321
3677
-25722
4416
25534
21661
5855
23677
-31541
-12064
-21421
-26833
29067
-18286
-20817
-23102
29522
13363
8156
-21305
-14625
-6071
26051
-15431
2527
32683
-6369
-26614
-16101
29955
26523
3395
-11797
-10912
2650
17541
14338
-26961
27894
4006
3389
9476
-10742
-10129
-21319
26133
11348
-6079
-6198
759
-5835
-22915
-20665
23574
-23683
8869
-2630
32245
1839
14736
-8652
-11852
17312
-23946
-28586
19325
21049
-6566
26868
-28756
-27294
-21853
3567
-30600
-25915
-23189
12530
977
12753
15622
-25753
-10636
14823
21833
7366
16262
-26683
13139
-13340
4098
-3529
-26289
12938
-13339
-32163
-21044
7145
-32500
-29926
-17166
-5192
-11309
-28540
-7825
6266
-6548
21288
25991
-2132
6645
22580
14378
28813
-4305
39
-12326
6626
13814
20090
14149
14436
-20835
19809
23621
25279
7551
-5687
25978
-32749
31403
8820
12637
17967
-18315
-1085
-28071
-18403
23482
4450
-31468
26966
-19081
27758
4200
-3911
-21596
17663
-31172
-384
-5010
-27641
-16778
-11495
-5406
22253
-303
18006
24975
30192
-8269
29557
-30541
22199
-29501
-1097
24224
9809
8026
24667
6745
-6466
-2935
-24279
-7521
11234
-30446
-18742
-2511
7843
643
18224
7110
-29180
-636
13854
28098
-24217
19874
-19143
-21434
-11480
-19114
19093
27218
-20351
-21427
-26713
6511
5828
-31165
-10761
-22634
25972
20226
-5883
-1079
15539
-19197
28440
23570
-540
32465
-856
-2072
-31088
28237
-31130
-755
24992
9990
27405
11674
-15006
-10724
21665
-28168
-10986
29728
23992
-23694
-8515
4171
7570
-24222
-1533
1439
5673
5367
-10024
-17551
5442
-6173
25033
27233
10486
19396
21988
3769
-32366
-17497
-32418
18252
-8773
6347
-2743
192
-29461
26518
9086
11417
-17520
-28718
5044
-20959
2825
-20624
-22818
-21115
-369
7849
-12087
-19633
20520
12281
499
3131
20811
2163
-29842
-1118
590
8013
2858
-6978
2027
21825
-17929
13266
11768
-12526
2090
16790
5717
-30586
-18900
-20559
32083
-8488
1219
-32197
13982
15765
32402
-15228
-10935
30756
30608
-10993
-30575
20685
-4248
-7222
25322
-9217
9027
-820
17298
7832
376
-21460
26026
-28091
16202
24127
25146
-11602
12506
-14701
-30715
11812
-21756
-29861
10465
-15249
-13651
22003
13264
-18613
32502
3826
-1031
-15149
-32531
1632
583
-30787
-22595
18686
24070
28560
-16830
32252
-12241
25335
9689
-17525
-26649
-22269
-17953
-10457
15336
8948
-19921
-7722
-21618
5726
-4662
20811
31627
-11317
30585
-24809
5831
-16178
-10518
10434
268
28484
16546
1568
-22739
-13048
17522
15801
26394
-21822
30579
-29738
-11381
20316
-5926
24388
17304
2947
-28289
6543
17498
30157
-13022
-3467
21394
-9600
30235
-156
-10343
11793
-23174
1596
13077
-3967
10455
-4007
-28345
-19786
16065
-15288
9090
5608
-7401
31683
-25876
11799
12232
2233
8256
-29791
-27084
-13751
17387
16394
4442
-24715
-27753
21542
20510
6502
10826
3852
-18746
9488
10430
17666
-16689
17159
6953
1773
-30009
-26422
-24304
-32078
-26952
-17187
23222
15218
-22612
-9216
-20805
-16398
11704
197
14237
-14357
594
-16525
27422
22619
-12478
10549
21413
-2509
22518
-15301
-32742
-28216
31197
20462
121
-6110
10301
1214
-16620
5552
4138
19053
-32547
12148
-29550
-25771
-23321
-17322
9358
-21802
-7001
938
31345
21971
30245
29514
25190
20443
5701
27589
27981
-16456
5069
21149
-25674
-10195
1223
8359
27157
27936
-26396
6881
29725
15087
-23709
440
17403
10951
10436
20750
-20461
6568
-477
21261
9140
9359
-1946
3733
19151
-30939
18891
4544
23285
-10518
26643
14920
-9690
421
6225
-26803
-19668
-960
15780
-3925
-10457
-11916
32427
-10650
25375
4566
-5783
22443
17997
32162
14619
9132
12550
-371
18394
-3501
-4740
-15297
-31668
-3403
21712
21776
-9319
8508
27789
-14572
3325
30460
-12921
-15564
11915
-26419
683
12857
-1550
28083
-24908
30882
9183
8985
9749
-8455
25126
-12176
24275
-7176
-10788
-6047
25497
-19780
19542
-11482
17595
8361
-16622
1368
790
-31010
26912
-22178
-5907
-21892
30065
20437
9026
12012
-8062
18924
-14224
12537
26887
-3703
19233
-26423
-14939
-21684
24577
-8298
2060
18209
-30826
15373
21865
7996
234
-1966
-19813
-17318
-8708
-20079
-29049
9293
13889
26998
28853
5018
-21564
-13773
-26770
-28522
31079
-9293
-21993
-17619
87
31145
7592
8286
15242
28744
10821
-2994
-7505
-11166
-3240
896
-15920
-17426
9273
-19971
-12733
-17693
-13624
-27092
15577
-9281
26810
28617
-15229
-16054
30738
-1254
14818
-24239
-30508
31671
8812
1295
-32654
29382
-31706
-13366
-19409
-163
-11169
-4511
-25318
25575
-26080
-32482
23807
9060
26971
-1121
14677
-30885
25786
-25307
-25766
-6810
-30772
2782
-26171
-11933
-18123
23301
-8377
16890
-24854
-22705
24703
7813
19422
-32301
4791
10189
-1320
-23176
30353
-20399
-10334
-6018
-27480
-27093
25467
25289
-24540
-22803
30554
18342
-7895
8550
19918
19640
-7065
-23010
-8341
10389
-5359
-17142
9151
-3239
-378
6712
-9162
23535
377
18920
17365
-18989
-5287
21054
-8382
11790
389
1625
-19673
-13616
27837
-3788
-31051
27037
-5236
2385
-14840
3484
27546
-31633
11645
22495
8348
30966
-9928
28942
-18677
-21084
-19636
12201
-12998
4604
21653
17280
-14061
-16700
-576
13514
28480
25496
-6500
24555
7236
-11841
29805
827
-21490
-22826
-2310
-22546
-23261
13444
-3642
29839
-982
-6823
-26100
-21067
-21358
13351
16193
19470
28645
-7357
20547
8114
-16423
-9585
-3843
25654
-7890
-10841
17935
18897
25593
-11701
21299
-21321
9332
23428
26204
32055
-13016
8283
22279
22153
-13128
-21505
24732
-10370
-26985
-24258
-23635
24095
-11271
-26602
19490
25563
-15570
4205
17286
25160
20623
27656
-1137
22806
-7502
23668
24799
-18037
-14902
7543
-12061
-11220
447
-28146
17101
29557
3654
-15964
-4382
12813
-4873
-27684
-24251
-4069
2804
5956
-10199
13897
-5624
-18192
-10928
-29506
-22033
-12883
-4507
-23380
-32244
11486
26070
19400
26527
20910
26172
8859
-10405
-32102
-28914
-8664
-10325
27735
17950
-6769
-3998
-22383
26720
-18638
7044
19364
-15724
-22077
-21081
31544
9348
-1749
24576
19939
-23083
-19420
-14481
-24751
-19020
12556
-2591
9326
8421
18095
-17463
-29227
-18465
-14709
-31947
30636
-13675
-6871
-30672
-9925
18191
29926
4442
-13561
-5888
26222
-22949
32767
16085
5520
-30536
18580
-12856
20805
29033
-30708
-14131
1705
1587
24178
-15204
-25379
-30282
26283
28618
19817
-17192
7454
-16869
-11496
-11013
-14679
-31885
-19670
8023
26053
29265
-26831
30311
-20248
30501
11610
-30508
-15443
-25573
-6041
-7992
-9613
4177
4846
-5509
5024
25059
-13913
-23117
6855
-6251
-9511
31692
-23214
20863
9396
7624
5635
-28010
-31073
5792
16018
30988
19721
-7583
-23307
11518
-2844
-22342
28538
22794
12792
28578
-14894
-8408
20129
17897
-21817
-728
3554
-25164
16331
-23190
14303
-27514
-9556
-28287
-7009
13109
21940
28597
-20955
-1172
10659
-16990
-12324
8563
3808
-14307
29284
7253
8016
-19623
-9557
29999
-2887
-1283
-31906
29388
-21230
14384
-32595
-9575
9637
-25681
-14661
-4327
31553
-7928
2369
14722
-29510
11814
20873
10451
18416
7629
-25091
-13340
-32661
16572
13261
32125
-15938
-15842
-10644
-20426
-15001
28877
-25707
-7530
-14935
25526
21080
10536
-10933
-16322
-28739
19504
19349
-28953
27330
17789
31659
27049
-14618
-26197
31781
10238
-27137
-12799
-395
29585
-26521
31100
17690
6985
-3248
15828
18024
-29733
30744
13796
-20212
6674
-26245
4060
-29454
21267
24519
2030
-2969
-14141
-17548
17877
-18260
11260
6221
-21961
-31252
5292
16442
3212
-8514
-11133
10549
-11510
-27765
25053
-32040
9463
2119
642
-24030
-22685
-18704
4968
-2140
9048
-239
14743
-15872
-5895
-1708
-11562
11490
29797
-3352
26299
-23993
20571
-6496
-17938
-24735
-18554
22210
21315
32160
11482
21993
3751
3136
4445
-8839
-7970
-18185
-29669
-27147
24568
1743
-13588
-8576
-21296
-11557
10620
-3583
-23218
24940
29330
-16601
-29944
4986
-29601
-24645
-11098
-17044
23214
-14846
1401
15414
-28130
12523
-31205
27198
6088
-1888
-10413
10361
-30029
-25971
28365
27306
-24480
17279
-21549
-23387
-22181
5922
23855
28228
-19772
-29030
28403
-20372
-26577
25988
-10305
3016
-22037
-3222
-30709
-23339
-13679
-13494
2368
-18165
-3273
-7489
27613
-17555
-16847
-5972
12114
9349
10184
-10686
-334
-11331
15567
-25716
-22971
-24525
-24353
-30776
-28907
-10993
-21726
-21092
-32704
-16926
-26196
24973
2810
32003
11791
164
4763
30699
-8346
-4841
-20305
13153
4101
7336
19157
8426
22151
-9247
-4531
10983
-17039
29310
-32185
-8095
-30646
32008
-12300
25750
-24548
28917
31720
-12190
-21470
7631
6011
-27899
-4284
1375
-13814
31412
-2770
20149
-24675
15238
-16182
-25571
28300
15668
-28410
-1995
17532
-15037
23816
21296
-30966
-11910
-25895
-3593
-30125
-27410
-25952
2736
6124
9997
19641
-28142
27902
-24663
-10895
-31999
-11881
-27598
-1940
-25980
12321
18047
-11948
17865
21820
-21611
25577
5946
-17789
7319
14006
-21664
20417
-25080
6851
-25961
-12507
-6353
15703
14732
-25469
30970
-26606
32672
-19232
-6411
-13148
26243
-30449
-30501
-136
-19036
18542
-29484
-7972
-9295
27389
-31329
29027
-32424
15412
-3996
31733
-3986
-15416
-19591
6215
-4615
6055
-8598
-4437
-13993
-30119
2336
11662
-8269
-19577
2423
3841
22871
25143
-27547
-10815
15846
31036
32550
32444
-6706
-31300
3959
11115
2349
-10037
-10033
-4498
2310
21613
24046
-15060
20948
7498
1674
-17597
-14958
13032
6941
-26807
-16579
18007
-27482
-9401
-16308
-26344
24982
-18561
-24933
-19178
-7312
12295
29876
-22213
5722
16109
21970
13545
-11080
-23691
13830
-71
19436
-20981
11463
-3984
26091
6667
17849
13123
18463
2105
178
29147
9788
32711
24736
23293
-17522
-27015
-20828
30582
20422
-12873
-9259
-21736
-6868
-14637
24925
-24450
-676
9136
-20579
-7746
-16471
-13033
-21155
17326
-16028
-5774
-2586
-23509
-6797
-4004
-391
18946
2878
18972
-21473
-31792
-2678
5906
-4840
7262
-32618
-14907
29254
23538
-22332
-26500
-9326
-23015
24955
-31893
-32674
-25771
4457
25354
-9932
3350
-14812
19210
3670
-4574
-22988
-24422
16560
-11373
-13789
-15508
-18282
32385
11540
30315
16899
-3734
11075
-3300
8562
25866
2733
-292
589
-27193
18279
-23036
2763
25079
22165
-20362
7642
16549
-30421
-9525
25561
-31686
-27495
-16005
-5231
25838
10499
-25546
24850
26216
17435
9018
-30763
-17164
-28581
12636
-30146
-11726
11974
18458
-5521
10206
26713
-15509
-29176
20398
31682
13677
24621
12282
-8987
29140
5825
30818
2898
-20126
-15284
16305
-19923
-1144
-9804
-21123
21851
32607
-25688
-22456
-32069
12571
-22979
-25443
26766
15256
-14826
21925
27550
-17391
14444
-2608
-1821
-31788
-14847
21983
-26965
25101
-26717
611
-15138
8235
-27565
-10899
10137
-27484
-26304
13552
3419
15169
-10918
-26462
-6238
-16294
17472
15100
8026
28204
28405
-17309
25705
11056
8144
12969
-30416
-10528
-29623
11093
4288
-21508
-6756
28886
-13829
2819
30417
20199
-16922
-295
-5482
-3403
-32368
-13016
16889
-29864
-6487
24847
12216
-12976
14056
-6126
-12195
5667
23560
3963
-2218
7585
12137
21107
9105
-28383
-17599
8213
-14623
-9147
-21906
21820
-23003
26653
11132
-243
20257
27342
20305
-24338
-11836
-22417
18447
17631
-25640
-11433
30045
19483
-25760
12932
26813
-16288
-10445
40
14815
-13270
-15779
25141
-20639
28783
-4926
-20068
-19607
-20949
-26387
15769
-3686
20006
-7154
-2549
26203
18317
21076
-1261
-16477
21628
-17516
9150
-22129
-26705
-17308
-17249
-13565
-18216
-15335
25214
-2870
-4996
-13693
14328
-22055
-11249
-325
4668
10134
-14142
-14148
17629
-26232
-7380
2087
10825
-12433
-16620
11164
-18550
-15862
-28330
17508
-27636
22501
-12457
-13651
24180
-14259
30986
-18567
-11334
24899
-6485
29331
12021
-13015
-1828
14273
-11516
-6099
-17046
-1114
-12895
111
-29025
16499
616
-14666
-27403
-9566
27429
15910
20458
717
-24192
-29560
-10122
22850
-10174
22579
27734
13248
-30936
-14455
20044
-32453
27021
21441
25922
578
-5680
-4935
806
-786
26178
-25621
-32145
4233
31906
6355
19309
-8656
6306
-29584
-31080
-4284
-27851
-12556
23759
20081
21711
-776
-21069
32738
-32676
-10419
-21383
27057
16574
23100
27916
28073
-15858
25048
-3902
-16577
-16905
-14702
-7851
12870
19525
19528
28127
24236
-14876
-24609
-18707
4441
26958
-29569
5067
13284
4882
-19590
2878
8395
-20357
-19001
-18056
-10931
-18477
8867
-11355
31893
11868
-14968
-1829
-1112
-10970
13415
-23169
902
25407
1479
31328
13921
16788
-30686
-25170
27679
-19413
-3599
722
-5997
4189
-30669
858
28187
27737
31455
27792
139
2887
-22259
11154
17060
14694
-30542
-27722
1850
-4815
24186
3363
-18274
-12497
27538
-30172
13076
-10766
22473
-2401
-196
-20836
-18424
3184
31364
17069
32000
-28169
-8549
25999
-27355
10732
-6023
-29369
-2902
-4423
11986
-28331
-615
-264
5431
-22361
-18410
-30975
-4645
-20523
9223
-19871
3891
20621
-25603
-9190
20768
11263
-20376
25422
-783
-14514
-30155
20115
21897
27429
-9266
8447
29920
18299
24131
-29249
-12501
-14499
-15718
32578
14213
18404
473
11801
32040
-2525
6747
321
-14514
-1279
-10665
29896
-13513
-23488
5047
-3998
28387
-29554
24919
-25871
-30495
-23723
32311
-5525
-25132
-8141
25644
-22984
-2852
-16773
24193
23795
-18418
-21506
-17224
30991
-16478
-13719
23661
-25726
-992
3284
-16366
-30530
-3544
-17275
-11594
-13363
17069
-2178
-14719
-15106
12843
-13064
-11283
31359
-9048
13359
-28137
116
11406
10006
-4752
-24931
15055
-2488
-2810
-28526
-32745
-28158
20609
-19967
27350
-5157
1893
-28624
9460
-15003
-10370
22152
-7955
-1221
27804
-11595
-16584
12047
19309
-5714
-6341
-30615
-18270
-5876
425
12408
26102
14694
21530
27196
-13995
16628
7774
18253
-31991
-25181
19239
-13055
16332
-25940
20006
-19241
32314
-26554
29972
13287
16243
6584
15806
31373
-25232
-30883
-29862
25186
-3550
-12896
24218
19620
-5176
-17676
14414
-31657
-21213
-22689
-10148
21877
11743
31737
-10066
-2029
-15459
-10020
-14124
-22713
28865
-816
-4794
-18667
302
-12023
-18887
19399
-25096
23261
-7890
99
9075
20030
-1791
-26396
-24420
-28204
-12624
-3046
6275
34
-19085
-14810
12752
16542
-5140
-22138
-8881
-29959
-17914
31409
16619
-15937
23456
-18498
17973
29428
25219
27340
-21605
226
-6670
-19078
8648
19771
12431
10570
-31772
-27860
-27651
26922
-18735
-1119
-2341
25293
-31028
-29891
-18769
-26571
18246
20832
3354
29372
27650
-30973
-22389
-5646
-26108
27661
11152
6121
14004
22412
12788
14741
-10245
23381
-1198
28230
-4329
26845
-31699
12675
-20481
-3024
27125
30572
3477
25503
-19744
18516
-29633
3433
-12795
25112
22789
19836
1575
-8421
11268
-1403
-740
15246
44
-22998
26173
-26928
-23377
-18830
-9513
-3249
23510
13988
-31979
-22133
-20820
-1475
2904
-10702
9762
-2348
-16354
21188
19070
-16400
15476
-12684
26323
10003
-457
-15519
2696
4011
-21489
-30991
-29266
-6703
10165
-11188
-14594
-10424
19864
13620
9511
29456
-22236
-17159
27484
-9437
-6358
27886
1488
-435
972
23679
6034
-27415
-14709
-12967
-4668
-12539
4883
17488
-11388
7309
12134
-26995
-2309
28405
8979
14303
-6812
31374
-17482
-16328
31711
28661
-1697
4582
26138
-10592
-22413
-25634
22971
-12806
16083
10113
14197
15368
9401
-7037
31055
657
-25622
15376
-12475
-7225
-30911
3773
-9885
-9336
-21916
-24054
-16704
-28285
12658
17098
-9507
16075
7340
12913
-15962
-12231
-11743
-15225
19166
12188
25253
-11500
-22491
2696
-133
-4002
-32721
5280
30064
202
-22197
-22742
2612
-5200
6084
28846
1891
12510
-26674
-21386
27333
-22372
16207
-3945
32311
7512
6966
-7247
29213
-30993
12442
5801
16251
2255
-8906
24741
30662
-30385
-30405
27097
32453
-31216
-26254
7811
-24842
11792
-3377
18725
29191
-1498
28731
-12025
12584
-9862
13175
-15428
11285
24879
17140
-21481
-23541
14860
8042
-13289
23510
-14556
-10529
21655
1805
-14310
-18685
-15973
-397
6037
-3659
3621
-8480
-2039
-28061
6655
13413
-12372
20807
-954
4864
26072
20804
-26754
6608
30330
16981
-17407
6649
17223
26433
23232
-22195
9722
-9371
-14435
-5741
18331
25560
2874
11519
-5369
27691
26511
-246
-2057
-3936
21852
918
31826
11413
-21732
-20835
-7402
12406
29589
-10497
981
12429
-569
-19670
-10013
-1261
-29355
14059
-11534
-6097
7032
27293
-10972
-18138
6366
17517
14666
-21399
249
27463
20201
-490
19889
-13414
-14062
-28626
10850
-17248
26631
-24320
-7031
17917
-19419
15443
-23632
16068
6911
-5493
-3514
26081
-22371
3962
28975
-240
8567
15481
20563
-8076
-8646
-29327
18714
1134
14575
-24158
17883
-10902
-5504
4482
29142
-6943
-21335
-25171
31095
-4376
-14503
-11095
-1599
-27906
-11111
-29734
-1605
-11351
26847
-1259
22011
6000
-17265
-7802
4105
7402
19370
-24314
-25382
2779
23429
17374
3218
7824
14556
-22664
16732
2019
-9450
24393
-4542
-20247
-13475
23962
18378
18974
17513
-11718
21583
-29380
-12433
-18013
-3952
11192
6242
-14498
4761
-16455
-30120
-32221
32041
-18077
-17544
-23845
1878
15782
-18919
28235
-1883
-8645
-6856
6714
-32756
6640
-6430
22107
3247
25404
14865
-12414
-11541
17666
26274
25872
16972
-7533
-4904
-9492
1832
-25630
2144
-27853
23503
-5306
-21952
-29229
1209
26896
-28250
-10265
-31479
-31557
-9253
11699
20145
27530
-20996
24491
28814
-9467
-17442
-8200
21253
-9954
30057
-18738
-4940
9018
-29258
-24709
30660
-21217
2973
-1593
28475
-1507
12850
-14387
-7463
-4105
14296
27065
-6236
-1573
-24230
8239
2429
30504
-9005
1570
30194
24190
-9763
-13481
18796
-20281
28033
-6962
15272
7941
7461
-26262
11722
-8454
15761
-7411
-21981
30584
14463
-30337
6705
-13811
-806
-32098
-16302
19787
23899
-547
17599
-2741
-21469
-3274
32305
1209
-31832
26301
22475
-32517
23889
17213
-25613
20560
-354
-20714
-72
-27581
-8099
-24099
-20747
-18820
3411
-26536
32704
-4825
16187
20415
-31021
1723
15498
7377
-12478
-15610
-17432
-3627
-14564
-5128
15612
-18934
5370
18958
10646
-26193
17682
4991
-10863
-10496
13670
-32265
6528
-6085
10194
8294
-12343
28980
4091
-29464
-19833
11354
-27981
6665
-10954
23811
-28929
-14222
18863
-16780
-2698
-9616
-10785
-16252
-4926
9817
-18810
-19567
-14644
2275
-845
-9154
11819
-7949
-4931
8830
-21579
-7543
-5575
-7629
-18007
-23625
-10980
2307
-7657
-23088
-27679
21711
-201
4319
-7873
-14755
30374
435
31098
-30422
9471
-27493
3606
-28975
11950
-7467
-19897
22331
-22347
27555
-24370
16327
7536
31521
22942
2553
-12209
14291
-1990
14990
-29521
28912
-230
-21908
-32639
-29712
-26108
-5031
-7139
25590
-28510
11968
-27513
13721
-14001
14436
-24158
-5988
-25192
30277
20868
-14279
2984
10276
30026
31155
-15687
-6003
16183
-17913
-16367
-25592
-5637
26463
-27023
-14992
-20719
-26446
16544
3747
-14889
2537
-26645
-11832
19105
-17756
28500
-386
1959
-1933
1184
22535
3451
18920
-30980
-12316
-13486
-2419
20211
5019
-798
-16915
13096
-1448
30762
-16312
-9041
-19169
-26414
28421
16334
4173
-1216
3608
-6318
13073
30706
31899
-8883
23611
23093
15220
12539
-1536
-19441
-26206
-22168
3474
23411
3713
-5678
-31320
968
-4040
22927
-11365
-11427
-30615
-32514
20347
5187
21462
-14697
-13136
-7852
14356
-144
32076
28917
20938
-9106
-2170
7091
31697
17180
-30900
9703
20308
15625
21284
5186
24281
-24318
-4043
-24119
-22693
17950
2982
4833
-24161
-16632
-5969
10387
-7347
-2315
3830
3938
22215
17515
-30112
25233
988
-23135
7882
-29252
-13143
-1286
11814
-1860
-15243
3085
19814
-13180
-18805
1129
2595
4295
-7110
-27346
-5467
31536
29310
26344
-27082
1485
-14034
10436
7807
-7865
28727
-13990
-8566
-17459
28038
25997
-30611
-12304
-25960
-21778
29702
-16396
10505
-10259
23726
-28404
4893
-16183
-14123
-31140
15677
-15383
679
13829
120
-14717
32218
-16482
20226
31517
10688
-1727
-25207
-19586
-17431
-21946
-7291
6500
-16871
4636
-20042
22501
-4037
32695
-18660
-16876
7675
-27517
-24448
-11428
-24801
-10548
11480
-22245
16582
-17603
893
675
15989
31079
12323
-15186
-17356
-29265
-9945
19770
-19017
-6182
-17929
-13385
1800
30921
-1066
-17979
-1386
19825
-21124
-11226
-42
30685
27525
-25764
-21463
29168
18702
-1505
28471
-8982
-8929
9925
-7204
9412
2189
21887
-27207
-2200
-16818
-29819
-12593
29134
25645
-20111
-2381
17905
4902
15657
-19463
-27573
16848
32128
31100
-31256
20980
-31364
29444
-29880
26104
-17659
-27166
17646
-29888
-12906
23457
-29773
-20740
-21011
-26194
22860
27421
17821
-22105
9693
-21352
28257
21101
-2336
11294
-10204
1067
9456
24387
23770
7606
-14040
-28840
-19836
1401
29743
-5663
6272
15824
-29379
-5744
6787
-30771
-4723
-13438
27630
18646
-21290
-27861
-13874
-8472
21283
-5682
14023
-22728
27217
-20671
21863
9578
31433
14580
-28851
19124
14050
15467
29550
19893
-8973
14458
-1645
-27730
20326
21536
25200
21169
22707
30051
1998
18998
31178
29085
3060
-13739
-7819
22642
29939
-11884
-30749
-19274
89
32282
23484
-22236
-5915
-31560
13984
19357
-22791
29095
-29328
-10839
-9739
21030
27363
10131
15025
31266
7040
-13146
-32756
-13981
25232
-6048
14064
374
4848
-25479
-26432
6069
-16497
-21084
31357
3597
20740
-29356
419
-13221
24835
24419
-29264
8554
-30604
-17397
7340
-5619
-19858
-28556
-19424
-23329
-10340
14938
-30948
1324
18702
12970
6609
18559
-17165
16831
-12613
16308
-30631
-22170
-27595
5553
19837
15386
3141
25174
3302
-14252
22190
30737
130
17939
-17257
25974
22616
-16078
-4338
-26212
21905
16065
-11975
3094
9993
27618
-29878
-28080
15961
-27462
24206
28830
-13191
-6636
-26193
-17513
-30812
9624
-1381
-21458
23591
20820
-16524
20387
-10294
-22530
25249
-22208
-53
27040
21064
25878
-29445
18802
-916
3381
-8299
4954
-4673
11043
17170
-17531
30116
4408
-22006
10884
-22221
23688
-15858
-23803
-13019
-29653
32152
2966
32605
905
-30517
12259
18444
11977
-25052
19424
-18127
-30872
7678
22101
26900
31244
-28779
-17101
8819
-25424
-29343
13504
-12597
1343
-6828
-21181
32033
-32426
26621
-11669
-540
4333
-1411
21319
20200
-11709
1033
-22433
13527
12212
24544
-1494
23242
-20466
5131
14743
-30773
-10097
-22554
27072
21785
10448
13709
8034
-15533
25553
16056
18220
-10842
-25157
-32572
4581
-22846
-28949
-9955
-11844
19721
-25017
-2050
17715
-31139
19711
-30107
185
32118
-2491
-14296
4362
-16030
-17944
-15903
9137
-30658
-32444
-23705
-6857
28616
-25039
25842
-6960
-4739
-19711
17682
-4180
11518
-7686
-19973
3130
-93
-28805
11630
14074
22078
7909
19909
-25431
11730
11942
-25930
5612
12447
21263
12830
8721
12366
13564
19323
10360
1105
-12833
24888
-20306
32671
3315
-15938
9972
-30302
-23958
-31944
15163
5914
-13168
-8712
19199
-14367
-21712
-30527
9677
16057
27323
3295
-13465
-22804
27505
11550
-3084
13778
-29005
-25810
-18009
17205
749
-26912
-8674
-9394
7395
32740
-5118
-27805
10317
-29109
-7297
-27064
-19265
-13718
27070
22389
2846
15186
30944
-6933
7026
-10587
21850
12190
28023
-27376
10433
-23637
10982
24429
13331
11405
5489
12775
31532
351
7606
7457
-17640
20966
-10564
-21016
23071
7538
-8184
-21397
8641
-25547
9820
26439
29912
-2924
18184
19550
31466
-7525
-17867
29895
13741
-20382
-26919
-22921
18333
-9347
17993
6722
-14049
-27649
-13683
-27497
-23596
21420
-29313
21136
-24306
-6171
-19982
16166
-15449
6395
11638
-24977
-12166
-18085
-14345
-31729
-19859
6492
29092
-4399
30028
9575
32265
15155
-31019
-9444
7907
-31697
3146
31410
17471
-18519
30954
22301
-12733
28713
-30259
-2564
8944
25876
17589
13437
-30320
19480
4468
22184
-13103
-4356
14683
-4479
11581
22496
-2938
15078
-24264
-26401
23602
2852
11221
-4918
-11718
4762
-8120
-32395
-6246
-3962
-25539
24589
25854
-7917
13926
23214
-8783
22759
9870
3720
-15943
-28748
-13334
13339
13191
30553
29403
-19583
-32710
2068
-28480
12751
2351
-2314
-16206
17335
29726
13653
27528
-29600
-27083
-26630
-30343
3503
3590
14762
2185
-9659
-10560
-23017
-22692
14065
23941
-15463
28595
27518
-31659
-12999
-20166
-14271
-16204
25780
32630
-3481
-28296
3794
24975
23132
-18659
-10142
-18133
18596
30955
-6207
-12478
-6337
24966
-13417
-9267
-1810
16618
7542
8870
-16651
24896
1049
-22990
-16792
4347
-16480
11122
13877
435
-15364
-17727
-21863
-23517
-14815
22016
-25928
16348
-25681
-759
-8689
32164
-1500
15251
2715
-29903
31029
-3154
-5260
-15113
-13879
29574
-8891
-19839
21771
5945
23787
16119
-9720
24529
-27678
13226
-4002
26541
-13811
16854
-19436
7731
-19227
-27872
32349
14140
-17988
-19851
14098
8753
-5485
12918
-26826
-30226
-4550
27887
6995
3669
-3059
2100
12520
-5429
8265
16366
-28522
-22563
-12670
-14365
32373
-11389
18215
-10281
10868
1720
-7432
23619
25241
-9382
-25638
9406
28826
-2331
-1354
-30740
13158
-8400
-28254
32749
29292
13055
11854
-7059
6432
28201
26040
1835
26006
32502
-9319
-32619
-27561
-21256
-26620
-28292
31103
9939
30068
-30202
21614
-18754
22531
-28653
-9458
-1701
-3447
23729
22777
-13690
6045
-17631
-6203
25958
-14344
-31256
5003
17877
-7289
335
25830
20503
6121
-20634
-28666
9310
-4118
26916
11637
-13649
16395
1385
23004
-21477
-9913
4514
-19610
-31357
-25945
23625
28790
-619
2834
-5901
-3302
27814
20652
29980
23762
22972
18472
-22259
-15241
20153
-3147
23015
-19519
-288
-28716
31525
-12090
-28078
30085
27480
27948
-12353
-11254
29465
1077
-19842
32351
27312
-21413
18022
670
-325
25501
-2124
-5883
28079
7035
8916
-29898
6983
-19391
-22554
-1920
9675
21576
30411
-130
6875
-25901
-11715
18415
28215
-10447
2577
11161
-21542
24857
14805
7450
25922
5372
23014
18334
259
9153
23672
30255
12997
-15015
21123
-1246
18694
16598
5728
22252
17397
25962
-1629
19878
-12690
20048
-29075
-11828
-24495
8424
8480
4790
15888
26300
7434
31835
19310
-2041
-5683
-23793
16348
-22959
21088
18984
-3207
17338
-16957
-26606
1177
32265
-127
-12542
3648
-19223
22137
-10396
-1527
6615
28837
13901
14840
7424
-29411
15392
-17327
-14311
32668
15
14287
-21147
14192
2567
-26614
-12162
14699
6104
25655
5318
-3054
10746
-19451
11776
24036
18439
12827
16980
-15071
1653
-2139
-17505
23334
-16594
-28505
-28979
-25490
28967
5495
4215
-9745
-11769
7238
-23796
-15447
-11439
-2419
14324
30324
-9399
-3165
-7585
-24170
32445
1639
1773
17719
20235
8395
12226
-10593
3905
12865
-8883
-20760
32645
-11767
12580
17729
11208
-12582
30225
17853
24287
14139
-23329
-10676
-22993
-19867
16434
37
10701
11263
17135
17874
-26679
-23267
-2129
19950
-1400
-11143
-14590
30433
-25107
-13333
11774
-606
7950
-27605
3508
-24985
-31860
10159
-11467
21943
-2448
9206
6069
3771
-24065
-3806
19069
17993
16547
179
23923
32517
6406
-16570
32271
27815
-22071
3246
-22412
-16274
9169
27605
9988
-3659
-3867
-3537
4705
415
11213
-7182
12580
10541
28505
21262
-20502
4210
-28436
14581
24447
-541
4388
32627
9965
-18520
23755
-10306
-7448
-14708
-2150
-17120
22387
-22091
-15948
16011
-2985
2348
30630
1267
30784
12133
12679
3167
18898
25305
5139
8009
-16525
21747
-2788
20274
-7571
-30183
-18657
41
-2048
13070
-14117
24444
27062
-31378
6135
27830
-14931
-9536
31926
-17562
-9926
-23133
9599
3122
-21265
-7133
-32265
-17937
15021
-8509
2482
-22716
-27282
-1230
-9904
-22663
-28529
-28815
-14361
-29385
7074
32570
25805
-2498
11271
25043
23622
-23231
-19474
30651
-8761
691
18360
16058
-29733
-32165
18300
-21553
-16684
15857
17465
-25343
28149
-15036
26718
-1054
10499
22333
20861
9962
-23579
-18747
-665
18217
21084
-16195
-19865
26737
8614
3746
18833
-7607
32229
1053
-29269
29055
-22273
-7099
-28936
15611
6603
32212
22750
-8915
-15147
-21637
23184
-18822
19855
3161
-22383
12136
22525
-30851
-2692
-10881
-23755
30331
30073
-8007
-24942
22944
-30072
16529
-10065
30678
17468
-21477
-29730
9427
-14007
-20641
26120
-13418
-10840
-26858
7551
-3108
13556
-29532
-20306
-8927
7098
-22007
30181
-21349
28012
31771
-6437
-31990
-14849
27315
27279
7652
-31131
-27237
-12674
52
-19317
-24005
22696
2042
32253
8197
6265
-8595
-28413
5275
-19614
4236
29120
1729
-14632
-2059
-7113
2374
14751
-6311
831
-4779
-10513
-6692
-13809
-15048
-27122
2875
2140
1397
30176
-6832
12700
25127
4072
14896
28091
-15599
19300
4665
4534
7218
27216
31803
-18968
-14356
-20179
18386
-3703
23819
32652
-16765
-7345
-29421
-5156
12072
-14798
-12778
-17861
13294
-21954
-14195
17816
-2137
-29874
10433
30779
-24891
-18496
-23969
-31340
13762
-23730
22945
-24444
-2139
8810
-17245
-20736
-32601
3905
28645
32244
-6311
13330
314
7500
9434
-4098
-11152
2032
22537
-31821
-13289
-981
-24481
2702
-13115
-23783
-12492
16687
-872
27007
-32314
28463
9150
2569
-410
31976
-21398
-12972
-29374
31132
26627
31066
32285
-26674
30410
12491
-26587
-2259
31111
-5816
-4966
-24730
-19479
-16536
-1715
7791
4994
19648
4694
3463
10431
-13654
-30575
7812
-15469
-28783
26133
-24528
-5027
10183
-7990
18546
16650
22860
20755
-30414
19638
-11979
8670
-28582
4252
-14852
16291
-7295
-32366
3085
17067
-26938
-1728
-22948
8641
923
-12677
-30745
-6356
-30492
-24707
9313
-25870
-12380
-19055
-24121
-8709
20245
20358
-22433
14066
-23411
2922
3842
2353
3222
19466
30138
-1418
-15444
-27294
16863
5087
-9424
-23012
-27181
-14966
-1578
-10573
16307
-24404
-26602
24974
-18662
2093
16018
-29057
-21883
-23054
26879
-28758
-720
-3478
-9997
3416
1192
5366
-7681
17888
5878
-27261
18507
-31359
-23947
2287
29844
-26090
-530
27264
-8310
-26000
9072
31564
10388
32015
-9374
10418
-3725
-2889
-30951
14368
-14157
12050
1350
-30280
21164
26172
23030
13925
10503
8139
21284
6499
-23442
17712
9759
-3662
-15310
20589
-16296
-13855
-19142
12041
-18449
-10419
24607
-1992
-30189
-864
14819
-31142
-21083
26651
-10061
-594
-12951
6221
9152
-1728
-13499
9952
-21322
11923
-29954
24117
-26580
-4090
-15407
-16988
-7848
-29653
-13768
13565
31168
10680
20024
18740
-22183
29897
-5139
-3206
22824
22710
-7733
-9828
-6430
-10099
30399
-4831
-29716
-18761
-1967
23418
-27158
-2372
22318
-26170
-16454
8637
9654
15715
16043
-8523
29586
8991
-22621
26812
-3432
19050
-28622
-28179
-14935
29888
25605
2064
-4508
19502
5211
30504
-27856
-19117
26910
-4211
-13700
22339
28495
-2879
-29206
-21887
-490
13417
30243
3506
-26783
22678
6514
13496
19216
-10430
-563
-10492
8750
4392
-12093
-5337
9438
-7128
25677
12668
-27477
-16022
3586
31250
5364
22709
-3765
-3179
23353
-22043
-17056
30088
-23694
23002
7018
30562
-16350
2727
-24726
-392
17338
-4692
-2021
-25604
29409
11989
-12427
13878
-20042
-15675
28899
-16776
15898
-21939
3814
-11831
16438
-32616
-29711
-18140
27235
-7187
19063
3077
31018
15763
-5062
21922
1451
20288
-24233
4077
20624
-22334
29723
-20212
-23041
713
24152
25967
7553
-5857
30718
-22052
29758
-11531
14045
-16377
18601
-20526
-10835
1574
10994
-4098
-8908
-9208
-1346
-25657
5226
-11477
25932
24615
26330
12973
25180
9363
-7190
2631
-1
6743
-13066
-25754
8819
-29289
17490
28009
-17147
17147
9189
3397
384
23594
-11021
-17686
-9081
-8106
29596
-4087
-17823
5093
-28330
-22141
-17804
20329
-6297
-10861
12254
410
-5367
-31515
-5510
-25164
-4266
11452
-25711
32506
-760
20265
-21952
16463
-23983
-785
12489
2839
19437
-7796
27902
10459
9321
15279
28723
29141
-24432
-23873
7064
3032
26538
-28127
17661
-25607
16233
-5231
28618
-31306
26297
30461
-30046
-30878
28725
9273
-8180
30302
-2624
2373
-7520
19174
-1131
14377
5775
19767
-29900
-2459
-28304
26758
13638
15323
27621
-26306
-22900
-532
-24343
11779
29010
5696
13229
8286
8542
28753
-8651
-13138
-22622
29997
-22718
-3837
-9201
13193
17195
28662
8493
10603
16761
-12512
15490
-55
24048
18454
1629
9938
-20870
-30936
-600
7883
-429
-7926
3963
23172
29445
-11761
-23513
19058
-11511
6457
30826
26079
-4367
-17201
-14648
305
-31193
-25558
-19062
-9033
-30664
219
-5050
24179
3134
-18559
-8908
12718
3099
12472
-15728
15301
8062
18621
-31472
2619
11620
-27250
5286
31019
-13288
3372
32081
21441
-25832
-18057
24885
19632
24772
10244
-13521
27666
12539
-19349
-24633
-9431
-23519
26266
-31060
-23347
23107
-31732
-2672
31953
16006
31647
-9591
12270
-18144
-2489
-22031
594
2760
6807
1538
8246
32475
-26180
19636
20817
-12762
-30451
25864
-22150
-17896
21968
-27622
17688
25425
32525
-5829
-9968
25712
14501
22261
-6296
31478
-7493
27557
-10245
-31230
12495
10877
24900
15754
-23645
-30439
-5557
1551
4537
2689
21108
14913
20350
30643
-19767
-10724
-13354
-5461
-4467
20971
10772
-4927
6243
3222
30417
-27898
-26571
11263
-32511
11306
11993
-7095
-1587
-10051
16025
-648
16225
5568
7855
12927
21413
-15257
21103
5282
-3096
5706
-32399
-29304
12923
-26989
1712
18419
-17156
20802
-2285
28765
26634
-2064
19584
-22369
21498
-16299
18808
7849
9256
17940
-10262
2247
23331
4136
20174
-21410
31132
24594
7138
-12979
19471
-21695
-10890
13070
1955
8969
-9729
9471
19697
11930
-14360
67
-20292
30009
4736
-2589
18033
-9890
-8045
16981
24229
-9621
2443
-14333
-13301
-6873
31649
-19267
10018
-18258
-1090
32707
-8186
13304
-17638
27479
-18945
-3524
30471
-2134
17178
-18050
26069
-26785
18739
-27024
22430
-8109
-25360
30867
24376
4730
-7764
-4481
16637
21813
28145
-25004
17058
-11168
-6746
13354
-27847
-16532
-29339
28791
-4674
30182
-10954
-23862
-23330
-31741
20497
-3089
-30689
-32108
-3162
23650
6319
3451
31402
11340
-18234
-11974
-20798
-15224
13762
798
-21818
24503
-11807
11960
-3538
11198
4505
-3685
25716
21378
-22663
-7680
-10790
-6681
-28746
-6219
5745
-5207
-17246
-2317
27247
4798
1232
-790
-2343
13618
20507
-13643
26178
-17290
-28400
-15087
20458
9605
-19286
-21935
-11328
-7738
-12764
17388
9744
-30678
-1515
24204
21230
-2753
-19597
-16397
-5330
27698
4214
16133
-6022
-27323
19071
18210
13179
-22572
12703
-25659
173
18844
-13104
-5180
2038
-17621
-20564
-4087
-21613
2183
-13185
-12042
31194
24786
2550
-7761
-29396
-18660
-18578
-6109
-19219
1229
243
27828
-11953
14648
28609
-27699
-10885
12626
16528
-3253
16839
-11111
-12077
23348
-18181
-21779
28080
28022
15974
18539
-23129
-13150
-25619
2676
27902
-12573
25700
800
-15714
-2804
9953
11311
-29495
-10422
-2797
-548
2232
-24335
-24019
-770
-15979
-5832
15678
-28288
32113
630
-27877
-5614
-28942
-6658
13544
-21866
32248
20438
-12814
29989
9061
-26264
15968
-30140
-31889
15021
24275
-12420
21141
29748
29419
25626
-20732
-3408
-2491
-17923
-26294
21311
-122
24623
11502
28707
-16746
-31597
27724
19196
-32405
25842
-4072
16877
-3396
-5203
13841
32251
-18437
-30214
-16444
-22544
28265
17596
-20980
-5919
27741
20028
29350
293
-30954
-31995
15288
-851
21212
-19337
14821
-4621
-5316
-8439
-32172
13358
15085
-4580
-6516
26002
-21173
4736
31724
-24151
-9116
-18916
-19408
466
12841
18174
-21878
-25643
-24116
31981
20775
-10101
9968
26156
-12939
26054
-12978
-1752
-9191
13032
11267
1880
-29520
17172
11526
-1252
20366
3725
-30253
17967
-18533
2090
8750
9749
-12661
-5490
-3146
-8134
-16227
-10974
-6225
-7987
-22766
17032
11967
4109
21585
28389
8119
-17064
27573
5454
-13330
-11884
-29400
-4376
12021
-20817
-22031
14362
-28738
-391
24139
-21589
23474
-12017
-19329
-30539
15723
6937
-119
-32007
11262
-20541
23205
-28389
28779
-30437
21935
27765
1724
-5159
27607
23754
-28495
1491
-2855
25740
-6819
-19881
-7677
20977
-3345
17414
5085
6630
15719
28291
24400
-24245
-2997
-234
32035
-3796
24891
-10587
30961
-17183
3495
-30174
19670
-15185
25046
-6415
21640
12631
-9671
31175
-3134
-625
-3362
19576
-15329
15963
439
23212
-12225
-20874
-2443
-2323
-6948
19537
1614
17686
-6254
23665
30824
-20975
-1879
-1964
-4037
9571
19326
-12586
5878
4749
21355
3985
11607
-19015
20547
-30898
24938
6300
-25910
5214
7741
29368
-25514
3142
2101
19656
31364
17140
-23995
13479
4840
15135
2098
-17066
-19842
22416
22229
7315
-11424
9864
10315
-22289
-3576
-31018
29927
-2652
4441
-29948
1383
-28167
876
11128
5048
-8821
7612
-1675
-28269
1037
-29356
-13370
-13902
15362
-8541
20892
-12723
20645
277
22316
-16093
-24833
-9764
-6144
-27865
30367
-17217
-3977
-4038
6041
24400
14735
-22674
26107
8749
-6125
11431
-22229
21683
31179
-26598
-31440
-19745
15976
-31498
3520
-14282
-20070
-18572
17356
30930
-30540
-20925
-8223
-31866
2672
11549
15712
-25827
-18017
-11007
6629
26439
29293
-9559
5580
12956
26608
15435
13623
-13649
15779
-7889
28989
-5552
-2844
-26245
20917
32331
23470
-690
28977
7698
-11180
29107
29132
25325
-16617
-4407
24204
26351
-22740
22092
-17945
-29255
789
-8163
-23313
-30608
28091
-20801
1506
-8350
32251
23030
-20319
26181
416
4868
-19893
29285
28615
-13070
-7431
10821
21459
25655
-2531
7351
10506
15001
-16586
-30667
6368
-2590
-32178
-22486
-16804
-32631
-6645
-25656
22794
3480
13102
-22657
-5833
29846
7150
19430
-7691
-29294
-5324
9826
20928
-19398
30978
22156
-7073
-20875
26813
4420
18724
-11714
25082
17034
-16161
-6164
6007
-7356
-19813
15214
-7172
-1296
16979
22364
29515
-29648
-28733
5787
-1742
-17899
7335
988
-29353
-17846
17368
15899
9860
27189
6082
2596
3173
-27239
-19086
9355
31533
19549
-28557
82
3138
-3918
-21919
15202
8105
24394
5557
-3909
31319
20536
20619
-22233
-14549
-3804
19188
-20156
-28584
-5285
24188
-2854
571
14782
17556
28858
-28686
21222
-2504
-557
-8105
5922
16737
-16888
-7981
-13263
12445
-20204
-10839
-1286
11619
12221
-7242
476
-15637
22930
-9959
23958
-26352
22812
26735
-19693
-13401
-16346
-13614
24235
-9233
-14648
6636
-32137
27254
-20867
-15091
22828
27649
-18160
11329
25486
-23560
-19971
-26534
28170
-30064
-26836
12850
-6741
-30983
14565
-18633
31499
32754
7946
31306
287
-10675
12903
-16521
28265
-32496
-2105
22270
-6004
-3668
28802
-31114
-31401
-19439
-16903
16383
-19801
25232
-2130
28631
4512
20152
-24813
30467
31293
-17888
28382
-14771
-5627
-27465
28942
32323
-17706
22467
-576
21997
1630
25614
31460
20329
-19951
24034
8589
11579
-19979
10661
29343
-22160
11859
17179
-5900
-13896
24778
11435
-21336
2478
6004
-16821
9823
-16504
-18773
-11718
-7972
32230
14024
-8077
25580
29788
19451
-1822
15093
1015
23456
-24338
6985
4194
-8031
14477
30594
32314
-1141
-5803
31940
1175
-15546
26332
18034
32243
32751
32
-4939
13034
-26396
-28730
-30524
6666
-30656
-7517
-18348
-24072
22841
-18547
-20432
-28302
23029
-22591
-499
14932
-18646
21244
28359
8938
-12736
28897
20344
-31032
18030
30346
-22187
6155
-7285
-29905
14948
4306
10068
-7485
-19895
-30361
-27681
32151
5883
2190
-1874
-8881
25150
-32407
2038
6126
21240
-12241
17223
-26250
-3706
-26186
-28162
25312
25946
-20584
23376
6975
12992
10450
20404
-25444
26836
-8660
905
-26015
28236
8618
-8483
-4592
477
5390
10167
23428
-20098
-12950
23058
14308
-13314
16154
14672
-27378
-8314
5559
-15584
29568
-8813
-7217
29088
24261
-28945
-968
5309
13522
-10426
13390
31763
12596
-7495
-30454
-16685
16149
10981
-15041
-3209
-17092
27106
-31641
-15957
-15150
-4056
-19527
-5137
25518
-7910
-15487
-18128
-13934
29181
17918
-21146
4829
14265
-15137
-28995
-27359
5054
-17364
-20648
-20187
7955
-26958
10243
-522
-27945
28349
32073
866
32527
8319
675
-1331
-11658
-4847
-17304
7107
19897
-23487
-28565
-5159
-12994
-31615
-32593
14796
9275
11254
20798
-17341
-3874
-22074
-11697
25916
-31507
22914
18152
-23701
13730
-28540
14228
-28588
4592
1676
-911
-20342
-9467
7533
-7525
-14032
-5171
28964
-6474
-9850
-6007
6276
-18360
-85
-24483
644
20750
6371
25361
-11064
-25872
18772
849
-22705
15821
7668
-12745
23774
-10614
-29170
28648
-24357
25726
19825
18007
-5666
-3544
-29328
-6534
-724
-30567
-15049
-9765
-21582
26340
30950
15818
4359
4360
15915
-1211
22139
15216
12018
-31780
12503
-8215
7828
32453
-7340
16658
28759
-30367
29382
-24861
8092
8548
-21326
-30334
31892
19583
-25708
-18697
-30284
28522
13926
17765
-18578
30840
7413
-10394
3813
-19099
-31921
-27086
4986
28623
-13446
-9583
30502
-25062
-719
32190
17935
-17482
10264
5871
25601
-30593
-26036
29760
-29642
21885
270
7021
-659
-17617
4466
26207
-9057
-26428
3864
-12886
-3224
14138
-15298
-4520
-24924
-18035
-23238
-864
-19953
17295
-21301
28601
-12398
-1579
4512
8467
14336
-19868
-16770
30484
26536
-7024
-29947
1685
-17333
-2020
-7053
27300
-20942
-12660
-6657
28072
-28585
17064
19770
24818
-22178
-3598
-1049
10298
26202
-28150
-8609
-5137
-7613
19552
13557
16276
-18859
4884
16960
-94
3733
22043
8459
-21670
9552
11255
7825
-8388
-24704
31502
553
-28079
-9114
-17319
24280
6652
-18154
24088
-17188
4010
-20767
14153
-16457
-16096
23293
-1532
-3862
9462
21308
-20910
31741
-7914
-3536
1553
-18630
-28296
14014
1658
-25910
3885
22295
-25482
21010
28477
2445
-11128
-1119
-22291
-10388
-30345
18640
7334
-1811
-14799
-5862
-1664
-28370
-6423
1068
-24323
3947
-15008
-29795
5763
12870
-15060
-31267
-8957
-26627
-24183
-21823
-895
-2521
2232
29505
-6968
30722
14227
-12530
25900
-24744
-26711
1439
-20012
18253
519
-32266
23128
13686
21860
30216
-15719
12403
15979
364
-9310
14694
-24938
-28980
50
-20030
-10934
21257
396
-19424
23237
-24861
3834
7174
24624
-6959
-26659
18650
-26040
-14876
-1014
550
21747
27566
-20981
-9890
-11520
4551
-1168
4295
10978
-13798
27253
4657
-15719
-19281
29500
-29055
-28008
8574
-3155
-23601
18358
-12656
-15085
18710
16150
9609
-32653
24783
-19761
-11715
22288
677
-2929
-2159
-2609
-20202
-27181
-30976
-16154
-15234
-31371
-24795
-26829
451
16447
-12050
-6835
14957
20923
719
-10231
-14470
-27286
-29940
16006
-31284
13810
-21261
-19809
7474
-10907
-7589
-11266
-132
12894
-15408
-7539
21641
-20579
14099
-10481
31749
5761
3859
6593
27907
-17401
-5252
8077
4106
11446
21950
-11146
-30166
-6716
-31530
15841
-21768
-14628
-7976
16724
4725
-19216
-6758
27761
28244
-22648
15193
-5937
-12897
33
5564
-9038
11758
-22042
-4260
29934
31184
-1658
-18242
-12750
-9712
-32441
5328
29743
25331
24990
24646
-22926
-7687
-25131
31727
17421
-30058
-21438
14158
319
-21403
-25464
16707
26684
-22676
-3651
-16747
-1324
21501
15427
26263
6524
28434
11209
-22348
-17283
21777
8448
32081
31926
29541
-8253
13233
26040
-1502
11962
-25663
30743
4236
14984
26008
3322
-4980
-13661
-23766
-13297
1242
8487
-20833
4600
-24551
23561
18749
-9763
-32290
27607
-31709
-14114
17160
26564
-7364
6753
-24501
-21425
-28033
21941
3740
-17733
-21694
-13344
15234
389
17864
-19515
11435
-12161
-12774
13475
13007
-5814
12211
1636
4550
-29890
3998
-30627
-8821
7192
28923
4980
25610
-14041
-23621
-20247
-14796
9575
4515
10036
28011
-6132
21575
-6211
8251
-20561
10859
20082
24271
-11459
27139
-9329
17601
-19002
14168
4261
-9162
31483
9775
4144
-13562
26892
22680
-8472
-21712
-2431
5026
-5482
10329
11082
-4412
439
-17999
-23887
-9140
-27909
17595
-12384
31733
-12035
20413
30699
-16398
28709
85
19844
2714
6098
3796
-11775
-12774
13988
-28294
-21425
-18265
-4003
11853
10430
-14964
25187
18848
-19905
-8013
1491
12382
424
14723
12267
-14076
16693
-12687
23139
19831
13363
-1676
12901
-12015
-26299
-6772
22778
17833
10559
-7686
-28714
-3454
7279
3773
19239
32552
13426
-9522
-15448
17143
-28057
11940
20681
25747
-18354
3905
4342
-30897
6793
22191
20643
6836
6932
-28195
48
-24392
11130
-15913
7319
19337
-4418
-21637
28209
15215
-11256
720
-8145
-7812
-14634
-26827
13977
-23240
11023
5882
13609
21776
15572
7631
-6991
5912
29970
15078
-15870
5211
9534
-10248
28942
32521
19655
-15401
-32328
12928
-10136
-22941
-15837
12162
-10069
-14702
25344
-25851
-17916
-9925
14892
-3032
15923
30959
-11242
-25119
3121
25362
-996
-29921
5138
1220
-8710
-31536
5794
-28895
-12971
17569
22801
2208
-25200
20765
21860
23072
-23283
-29875
-23220
-3588
-652
19352
30369
-1152
23888
27877
-20117
-3257
-25459
-9390
17813
-6112
-21616
-25380
-23639
-30175
-7442
12065
31977
20537
-8045
-2562
-108
-15811
-8822
14759
19623
-1008
21507
20514
28076
-24462
19061
-26075
-7152
21001
17550
-13682
-22141
17477
13447
21537
27034
-30948
15375
4330
-22669
25386
3464
-25035
-11713
31565
3746
-32487
20205
-2272
-7439
-13966
-199
28144
5266
-6198
19664
418
-6759
-27584
-7523
-16480
-13698
10312
9687
-16589
-19973
-9618
-22419
5813
6417
-22608
-13410
-21399
13929
-26011
2117
11951
6171
-32317
-1240
-26907
-11034
-27173
-27371
-26003
-21040
15481
21767
-14384
30889
-31189
-18383
6127
25097
21533
14667
-7637
21638
-23471
5433
13447
-20586
25876
4690
27242
17815
-6040
-28695
17880
21881
28976
27434
26287
23245
25240
18840
26133
10949
-2830
10170
-24790
20086
23926
-14050
9389
13430
-22586
-16742
3087
-29440
5150
-16971
-24513
26909
28807
-30962
-16797
-3578
17769
20897
15657
6874
-11890
10535
-4107
-14643
-9534
-16827
-29190
-23060
-7001
12354
32663
-9458
16898
-6206
23646
1429
22665
-4049
5863
-11931
25106
-25889
9140
6154
-26603
9095
-17435
-26020
-8960
5370
31872
-18514
-11602
27579
20167
15140
20879
4576
18777
-31665
17594
219
22425
-18986
-21308
18107
31311
-13808
-6702
28830
-29055
-21872
19632
-18335
26277
8134
11500
-22645
-16973
-3098
12006
-12929
5093
30108
-23176
2957
25917
7060
-25611
27615
17480
-24026
20858
4720
-5282
27114
-15139
28
29900
-13541
-31967
31661
17264
12914
16572
23026
8055
2029
-17793
27100
-919
-10705
-5964
29318
31462
-19701
-27641
29478
16360
-13892
-20375
25503
-26287
-9401
-28888
-27460
3564
24833
-14725
-27623
-1276
-15946
-3008
280
-25354
3355
-3390
9300
-18211
24762
12798
-21849
5184
-777
-26815
-7090
25880
10388
-1640
-29399
32290
-26140
-10069
-30414
-13821
24576
-10434
-24200
3661
16652
20324
-16849
20645
-20471
24791
-495
20010
-1537
-9467
-3767
-1591
-8784
-26604
3056
9872
778
-10142
21830
-28927
203
-22068
-6793
-16925
-32182
-22183
-18947
-16837
-20420
9759
-11501
6285
8826
1420
28060
-12979
-12776
-7157
-24921
-23011
-26240
-7822
16835
-23544
-4964
-5875
-14219
-6898
-8908
25619
-10497
-21382
-27466
-28408
-1214
23859
24551
-31448
-17446
6025
9844
-18278
8151
17826
10611
-20443
-1666
-19769
-21988
-8790
9660
-24565
10103
19990
23172
8379
-21509
-3319
-11519
15990
-7319
-1438
3879
28177
27257
-13265
28146
-22841
14039
-30304
19687
-868
-9812
10086
-10284
3109
-11749
17912
27633
-10181
-18
19430
3007
22549
-9326
18906
-24511
-17917
23803
8928
32252
9162
25980
15349
7147
-30395
-23501
29726
-7967
-29858
324
29835
10239
18095
-27956
13486
21735
21543
31075
-19994
-19295
-9236
4075
-4934
7078
30391
13327
-30992
27064
25654
-27205
10329
-27923
12587
-6304
-19564
-29154
-29081
-12763
679
31863
10492
28413
14719
-7457
-30898
15312
-21831
22764
28594
26560
-28113
11216
28018
-25943
24979
-8166
15215
282
-13226
13940
-29734
6337
-25096
-23210
-14742
16779
2953
-28431
-12307
8692
30571
-5027
-5947
-13449
7761
-6283
-8768
-19326
25134
12546
-31456
238
-23892
13824
22313
-8248
-28099
-4552
-20279
23430
25624
-1874
778
6218
-25357
-11726
19654
13569
21551
-22147
8005
-15510
-12007
23562
-19063
7031
-13029
5750
8369
15872
-19123
-23651
-16187
-1316
-4644
5379
-19259
14880
17155
-31734
31257
-18578
-22700
20818
12498
-16823
5252
-8350
3464
1126
-26646
-1292
-27205
8418
-3590
2205
-3101
-22017
12762
16528
18086
31991
-6064
17063
-32739
23874
-17008
10924
-16276
18205
6467
1694
-20883
-15232
14186
-21441
-8725
30723
28283
-5855
-2938
-106
6019
6977
-4914
17559
15403
29553
-20493
-21981
-3378
-13103
2936
25404
15784
9832
27043
17002
22335
-18181
-15288
-29925
29499
-24921
-21337
30403
-30351
-25152
221
23258
28521
20205
-17127
4790
3062
-26732
-12757
-10579
11407
-10610
32239
17856
2632
-11987
-11875
-1621
8098
7346
17339
-28332
26767
-16645
28098
21323
-126
23332
12346
-7755
21846
-19712
5734
-11728
-25398
26544
20034
-21896
-6740
24676
-1677
19653
-16268
-24585
3066
7690
7295
2148
17739
13332
12226
-7318
11691
-28294
-2031
9066
-26587
4354
19409
-3154
21910
4952
16160
-25788
4111
10373
16161
9200
-25029
1693
20402
20295
-16796
9294
11470
-31238
18433
7784
-27306
18033
2576
11219
7829
32363
29786
12923
21032
2700
16741
-6556
22007
-7984
-20087
1015
22640
7296
-27053
-5690
28993
22579
-5951
2357
-72
-30452
21155
29444
-14769
19927
19873
17586
29056
24961
32682
11212
7903
12619
-29161
-27034
-14531
-32617
-19433
18674
-7642
23492
25191
-13432
-24593
-29884
-21265
28320
-239
-21068
13473
-32127
-23523
-10333
83
28830
28043
-20309
12614
-2233
-25984
-12130
20177
-12823
3146
-15064
13823
6217
-3278
32373
-15339
21582
-13196
31769
14342
-27246
-12331
8971
-24459
18171
24812
19238
2337
14530
19306
23670
27182
21472
-19425
-20735
-4925
9365
-26442
-13977
27783
11451
2585
-22963
-15865
-18857
-12220
-21337
-11244
-7083
-3013
20840
-2020
29800
7703
-7667
-10158
-691
-8342
-17160
-22245
-12685
17738
1940
-22000
-22237
1949
-3380
28280
-30358
-19861
5364
31643
-12414
16642
-6562
-1380
-2167
9039
-29339
16585
-2980
-11565
-30866
-12430
-15842
27905
27225
-15518
11775
-27586
25684
29687
-6647
18397
26762
-19401
-16923
20136
18934
-17991
32100
10681
32672
20229
29074
-20977
-21537
-23471
-5055
16294
25528
-21200
-17023
-4537
-27518
10606
-32076
9432
-26503
-18567
12390
12077
12899
-30027
-1465
-10685
10478
-12381
-28960
2550
28808
29916
-24861
-22656
-22940
-8617
-8617
2446
-26729
30509
28848
27419
-12605
8641
-14707
9620
26839
25536
16857
-12729
-3301
32106
31444
-22284
-16382
26964
32357
10367
-12248
11098
29552
-17021
-201
-18977
14712
19115
-10937
-24876
-14108
11429
-22624
-11425
12937
-10585
754
3956
-11825
-21933
-569
22295
-14781
13819
-26888
8168
-19154
-26263
-16420
-10877
9251
15739
10973
13768
18820
11647
18825
-8893
-22207
-20633
-21309
-31427
22166
24666
23694
15947
11208
26322
-28318
-2792
-11572
25429
26021
32226
8003
-17794
-10397
-21337
-5345
-27908
15968
-10513
-14594
-18814
-2664
-3613
-10827
11993
23244
-19894
-8495
-8602
-21874
-31171
20282
17651
-17235
26555
16355
1891
-7276
2788
27644
12170
-26100
5051
13153
1332
-24112
-11378
-8205
20994
-13163
-26406
6016
15159
26335
-8997
14410
28763
-8316
-13798
9495
29348
24967
27238
-2197
981
15351
5245
26774
-11739
10637
-25834
-836
-18111
-8313
12124
-28719
-275
-10265
11315
20823
6864
-30397
6039
-18315
10148
30437
13954
-19599
-6233
-2369
26174
-30136
-23365
2808
-4837
-22465
-4842
-1065
19431
31441
-23744
-587
-9307
26786
-27823
-14841
-7407
-903
28017
-7358
-1312
-19781
939
-20095
8175
16372
-324
-11594
3673
21426
15543
-28589
-28506
2678
-19662
-27295
22967
1406
2279
-30070
10790
-30330
7554
-27762
26902
8525
15117
8905
-22297
-9191
25175
114
609
12334
27231
-2575
560
-17601
-26339
11335
1416
30439
-9210
5470
9299
-13824
-17833
-21914
26923
-4880
-7488
20746
27237
2021
-24216
29607
10149
-3510
25125
16868
-18478
-21540
17878
31107
-28303
8029
20349
-12232
-31225
12642
20450
-16472
24714
-11164
-9601
14395
7063
9580
8375
6320
-7528
-32654
956
7724
-23967
28102
-2520
-6344
-27418
11601
18245
-29652
21324
-1116
-16824
7154
10193
-10074
6731
-32168
5348
3986
16705
4212
29411
21908
-21530
-18988
-30507
-23309
-24239
-30088
4815
1495
-29706
-24292
-18145
-19137
-18162
-15107
-28751
-5794
-29080
-32725
-18836
30240
-32768
-15711
-20976
4281
7708
31903
-22580
-17748
18142
-21808
-11606
-25710
-424
-22971
-1654
15182
12187
-30245
-25407
-32090
-6204
-18961
12160
10715
-28331
25436
3004
-15858
-9680
-19096
27996
-27803
-11502
-7811
-28450
-19043
21861
8863
18645
14535
7947
6997
-2118
-10540
-5244
11830
-23771
-20253
1437
-21501
-19984
7172
-21975
17858
13817
-10242
-7175
-31170
-7359
19825
-7509
-17208
27461
16604
15258
12772
-27158
-7888
-20059
9029
-16589
-14543
19786
28597
11462
22866
20022
3711
21184
-24299
-9877
29523
29403
12692
-26824
-3909
-20196
10199
24425
31292
-20963
17277
-9181
-21750
-20275
26075
-27879
31770
23482
-12624
26903
1876
-4351
4771
21440
-30891
-21622
-30289
-30746
-32533
-13977
14390
28345
-380
3598
22983
-21594
22378
16567
5164
-15109
20718
6625
-453
-4843
5988
-9786
-5521
31091
20512
-23223
-27930
-20579
-9353
20153
17104
13048
2857
19203
-6144
20786
18233
-16849
25210
-21333
22068
13517
26327
6152
-9066
12005
-15392
-27211
-27134
14432
-16021
10082
-13323
19446
-9770
-28433
-20224
-20977
-4337
-264
-26665
28663
31009
24616
-14370
-1821
-25744
7946
28961
-23221
-19387
15950
-22135
22610
2580
-1164
-49
-9625
474
-3196
-6190
-9452
-17256
1994
-20282
19860
-20342
29601
5436
6799
-4082
-21401
18089
-9448
-1254
15505
-17049
8484
1421
13351
18418
-19527
6204
20007
30470
-17110
-31102
-15169
31763
16619
8027
-20959
24883
-19116
17626
23445
13451
-10145
11155
26813
26697
22186
25939
-3886
15577
-12323
-4287
-28166
-23649
31953
-12125
14773
-999
-16412
-14914
-10899
-31163
-488
-17116
-13667
30634
-32435
-24485
11575
-14635
-26629
5841
5518
-7110
-22718
-12413
-22791
-25150
-17179
-12235
-1156
7971
-16927
-18262
15915
-15305
14247
-15886
-9769
-29845
25225
5897
12439
-15977
25185
16143
28459
-26787
10862
-32372
23696
6299
12911
-14510
23832
-12584
16517
-2828
-26054
-9975
2418
-17544
23107
21984
-6793
4247
-306
-31664
5594
20766
8115
179
-3949
-1507
-29829
-29702
12558
-11980
-7726
-3082
-1483
27708
7585
22830
30583
-2440
5556
-29548
20469
8097
14326
-15611
-8053
15770
20541
5070
19709
-25676
-29593
-20468
-7597
-12805
-16007
-16404
31959
13618
2511
-1082
-11416
15307
11702
-4267
8015
22713
20505
-30623
-889
-10336
-25656
9448
27650
-1138
11789
4419
12060
-17834
13141
10954
-26678
-24828
-9247
-25348
-12192
-24092
12290
29862
-19138
-7638
-24287
30271
12924
-23488
-31827
1263
4376
24626
-17032
19034
-23526
-23793
-9494
5232
180
13097
-8890
-28792
-1472
-16565
25132
-12093
-3477
-31839
-9780
23797
-18832
16944
-12323
-19393
-30195
-1814
5816
-2205
21833
30434
21184
17872
9931
-9542
27894
-6148
-31072
-25437
4263
5819
-22709
-11403
1365
-10528
-11461
-20256
-23921
30834
29034
-7039
14483
20065
-3790
8558
11722
-5157
19678
27196
-19514
-12288
-22852
21830
19965
-762
-7035
-1947
9656
18256
-4427
4010
8084
-26042
-19082
-3109
14146
877
27948
12193
274
-11420
19800
-24827
-29579
-23932
-19584
11071
32483
-1720
13576
-17496
-19232
29641
-22356
12839
30832
-28865
5945
-28834
29168
7632
20509
-29292
32488
-20681
31600
26081
8001
-19895
11623
24153
181
2470
-4043
-29200
-13743
-1718
11242
20542
615
16513
17470
32303
30999
-16701
7173
-17271
9502
-23567
-772
-8736
24352
-21566
24004
-28241
-16147
-3721
16070
12696
2909
-20696
25787
27415
-11309
4935
17747
-8146
27597
-12254
15681
-6848
11330
32346
18813
-31582
2687
-19840
7851
-20473
2849
5662
20825
-29735
-7769
-2037
23372
30517
11328
26647
-3149
-25284
10488
-5373
-737
12946
-25580
28515
-22698
23184
-31754
28045
-31601
-2638
-14326
-19762
-17199
18907
-32008
21946
27125
10302
-31054
17455
-11000
10076
16092
16552
-2924
1939
-26523
7243
-18132
-27013
27488
-31608
-28666
-8932
-169
1117
-11722
-22051
17724
13484
-13943
25287
-546
-21094
-29364
3946
28420
-12321
21721
-967
-5491
25621
-1430
20361
-31650
21031
-9763
-11994
-4970
29238
-5556
15821
-28237
8549
-10834
-4957
6935
23394
-14770
17590
14336
6497
5905
12649
31676
19317
16044
5441
-24324
-18148
18489
-1076
28841
-3494
13051
-17762
-22856
13450
17071
-32706
-16712
-17461
13688
-28694
30172
-14208
-11620
-16617
2308
-23252
-7461
-2191
24378
-17535
6476
14043
-8271
9754
-29518
12928
26326
3812
27045
-4203
17484
-15499
-22508
21874
24831
3633
23916
27588
19152
-18091
-15626
-17377
-6054
-20117
-19789
-24311
-8901
13909
24975
-4111
-27908
-15158
11491
-16317
8337
27928
21226
-16894
-20995
-6509
272
14072
-434
-30249
3651
-25686
-14201
24685
23920
-30664
11679
30154
-30907
-31057
24731
32142
30867
26013
-19370
3061
18853
-24677
-26175
-22605
1763
-20312
-20258
29440
-9385
11848
2536
-19528
25888
13254
-11735
17096
4788
19335
5410
-4261
28423
-30342
-16164
29325
-204
-4937
4783
-13042
23402
23626
-30041
-13786
-18048
1458
26772
25241
31517
-10884
-3587
-7285
-25091
26428
9647
11021
-28433
-28805
3926
-14889
-7365
24785
9789
-26528
27621
27470
-21878
17633
-24232
1389
-6233
4652
-8675
-24757
20478
-10669
21349
-30750
-16122
20719
10447
-19299
26959
24740
-25424
-16498
-1902
8971
14928
-18381
16836
-16168
-4689
17351
28328
-22301
1447
18394
20584
24879
-24874
25368
4763
-28764
-16663
14365
2831
22599
11642
-12902
26579
25938
-24543
-24245
-26633
-8895
32681
-5628
-10404
-16151
17848
6507
-29082
8606
-21575
22139
-27340
-29681
15123
-13195
-15141
-25870
23423
24874
-9318
-1550
-3072
-6383
-9445
7724
-17335
-21397
20609
-14151
-19562
-12142
26021
-8918
18550
-25851
4856
-14849
4597
25055
13082
-9931
18918
5629
12700
-23249
13742
23769
16870
4930
10239
-26935
10862
-29930
5906
25632
-26653
11693
-4549
-3153
-8040
-9116
-9239
-18671
-16891
-11407
3358
-13586
25968
-8597
4028
-8211
20568
-19013
-3112
-31433
-4569
3983
13817
-31532
-11095
10592
27712
14296
-17472
20398
-21380
14491
794
-20877
4823
27448
-3414
23913
13729
-12846
20459
30958
8564
-21853
-16253
-8299
25945
7077
-20787
7180
28382
-26256
-30250
29092
14657
-28592
-8651
-18144
-23268
12310
16535
-9090
3922
21039
5172
-27139
31047
-27050
-23320
24023
-11898
3331
14536
-20241
12019
-24671
-32353
9547
-18182
5737
4027
-21726
-21771
20907
-20979
-19699
-8011
5631
-16956
31303
31897
21749
-10792
-15759
-21296
27003
7219
-32308
15606
23219
26970
10697
-4960
-12815
-8626
25061
-1107
24318
-25952
8063
21922
17694
21034
-1402
26700
9448
27300
-26305
20695
-12024
-18604
15723
7154
-24454
20188
-25856
26665
-5329
20404
7993
20419
14992
-28203
-5710
10252
26121
-14531
-32573
-17348
-16992
-30934
-12533
16198
44
0
0
