6974
-7895
-19503
-16534
25321
1592
-15805
1701
16557
-12358
1049
650
28
20140
-12949
7949
-18422
-6829
-3062
6154
-23922
-23910
16077
24722
-29666
-3813
30133
-31723
-30477
-10646
13624
28985
-25998
-24555
20488
30543
-4476
-30268
-31285
-3288
13127
10270
5370
32405
19102
-31392
-18358
-3620
-22187
23754
-1730
1241
27518
22363
21061
-27415
-2405
10193
-1179
32216
-10546
-5087
-27616
-26426
-11196
1042
30989
2597
17704
-28174
-5375
28580
30642
16391
22656
-27406
23595
-29217
7923
11476
-13363
10317
-9178
23091
-26311
-20569
-15661
-27833
13502
-21775
-7421
4507
19683
-12443
-25989
-9686
22893
-2459
-733
28511
-32287
-31100
31299
-29154
1078
-21663
-7034
-6217
28412
-7360
-12404
-25152
-25506
-21842
360
-1249
-22228
-27912
-32376
29331
-23625
-30212
28831
-32595
25149
-10908
-13030
3412
944
3950
-4044
-29339
-26943
-15753
-24236
-19023
-4042
5569
31984
-24238
18382
-28723
-10843
19828
762
17108
12460
-1115
-14003
3259
29264
9211
12922
-26793
28113
16139
12802
5875
-19721
-26123
3888
1070
-25877
-5174
-17894
-30932
22745
-2565
-1875
-12015
7215
-25152
18754
-1080
-13545
6824
3114
-23242
-16782
-11498
16097
-7295
-29354
28835
28152
5887
-25298
16081
-7232
31894
-29227
1745
29814
1810
-4004
24983
20902
8445
28494
22028
17849
-20007
-25567
21286
18354
12601
24730
13417
-6503
-14294
26324
-20267
30947
-16818
-5200
-24974
24011
-28555
5405
14802
2281
18748
27720
-25635
3199
2774
-17973
-363
18495
3621
-6739
-14797
21110
15292
-20975
-18811
31209
-20001
-25198
16450
-6470
22730
26649
20235
11555
7589
22701
-13172
14325
-19868
15952
12960
-25654
-6076
7035
-3409
32339
-14920
192
-862
31951
8961
6076
18607
-20575
-2394
1549
-25382
29577
-29131
27823
-20663
6712
-22344
-15030
-3616
20901
23010
-10215
10997
-8714
22204
-17372
-12306
-16429
-26193
20849
12203
2538
149
2952
-2522
-14456
21192
5695
-10828
25395
-25296
-26943
5587
16521
14314
24762
-17573
7887
-21592
11762
26109
22922
-10889
-1802
9202
-25405
31527
13356
4571
22309
5043
23914
11566
-4235
-22893
-8014
20157
8220
-22417
-7483
-15940
-6457
18810
21326
-24189
-13151
-14139
-31190
-28663
16892
-13938
-19166
24472
26669
7524
-27282
12388
10675
31292
7580
29805
32121
-17120
1013
-26600
1383
28341
-13854
21164
-461
-11305
17576
27194
-15391
-19046
17883
-4479
-7072
5488
91
-27277
-13916
-21942
22124
32612
24966
7206
4616
-719
22543
-27964
393
13745
-4556
-30999
-1579
26670
11886
-30350
19733
6740
-7905
18064
29666
-7078
22747
15724
-22875
-17507
6982
7582
23372
-22235
-12991
-14258
-30699
-10297
-10873
-31421
-20140
-15295
-22583
-553
27605
-29061
-4417
17683
13675
-6362
-2172
-19078
25183
13835
-29906
-758
7384
-22825
14235
-6078
25716
-2333
22561
-7857
-26413
-15001
15640
7756
14229
18365
31771
-27369
-1020
500
-24196
-17433
-30849
-5024
25982
-17144
26160
-11696
10925
30761
2497
-14986
3123
27335
-1391
-20430
-22398
18806
28272
-29079
-27978
1250
21650
-10447
8180
-23764
-12542
-12202
-3435
-18859
30138
21496
8573
-19315
-818
3477
-9583
-8644
28130
-21129
2445
11575
14934
3920
31959
5271
19547
-8031
-764
-26206
10620
-7211
8588
-20848
3904
-6777
25052
-28061
-13277
19259
-18932
-3445
24272
-45
31598
-20624
154
29557
29217
-15321
25174
26404
7083
24630
-30183
-32306
8220
1414
-14763
28523
31866
-14197
-11658
-25131
-8474
-32162
8857
28212
-22453
4819
-12087
15975
21966
12990
-23597
85
31654
-372
10037
-26008
3469
20089
-13285
-25494
8468
-13314
-7459
-2401
-26175
-8944
22566
28750
-32661
-15782
879
28891
-3200
13605
-20709
18579
-4578
-8746
-5134
28909
-22600
3226
-26897
-14585
20866
-3937
-31397
-23733
30257
22395
27995
21903
28500
18990
19102
10914
20135
-24433
416
28261
-2382
-25321
32560
-27705
19552
5623
6194
-31463
-31809
-11646
-19560
14471
19189
-24195
-21692
18037
19730
-15654
-14542
-9202
-10656
1559
32468
-16881
-6207
12552
21644
-27440
2119
15824
27917
-1839
-9859
-12356
26991
-1813
59
-20122
-23775
25276
11768
26310
15005
-20394
9
-17911
-28195
-25489
3530
-29158
31732
6460
-6669
-4474
-7823
-30579
7952
11017
236
-22490
4321
6110
23769
-7450
20712
-17704
10290
3528
12341
-31994
-21151
-18699
-16441
-17497
-30028
-25003
7736
22119
26060
22694
-25528
-689
-21302
-10636
11180
21668
-23329
21821
14034
-12491
25030
-7176
-15398
7782
-3918
1397
7723
12174
10142
27484
-7735
18626
9929
-20528
-21194
-25561
22018
5765
-6734
-19934
23065
2834
-14968
17756
-5288
-17574
3670
1703
8244
32460
793
-7778
22900
-28321
23545
19577
-16130
20304
-9301
11129
-1191
-9643
21355
-8508
263
31969
-11522
-2619
-2389
-28771
19202
9826
-12448
-3849
-12108
-2042
-11392
1622
29168
31101
5348
-6168
4793
-25192
7912
7011
-19356
13309
-22088
-26541
7030
-25441
26906
29172
-9389
5493
6790
350
18786
31481
-32292
-23524
-23033
14971
24525
2399
19752
8457
-24503
-17771
-29539
28782
-16045
-14064
6256
-27244
-2839
28338
-11363
-7741
-27396
6360
-32605
5815
-26881
-29032
12164
22511
28024
-19815
-10380
-15054
-2524
12450
-23032
11846
1430
-5967
32439
21512
27828
145
10581
20047
1341
-11734
-596
21504
27188
-21399
5103
1558
-18177
31811
-1889
9536
-10116
1075
21310
-978
15444
20256
-30481
24623
-23913
20422
10028
-4492
-12943
24921
29637
4734
32394
18339
-29327
23611
-12369
-14674
-26129
4922
-9664
2965
-7493
18289
-24500
-1912
31900
27115
15920
8565
-11749
21656
19490
8878
-8206
-31162
2713
6598
9094
-12652
32374
-29844
-29440
4869
28290
-23155
-19885
-15656
6670
-17473
-20270
271
-28814
29870
-30083
15416
-15588
32502
13890
28323
19926
-27495
-11009
-14234
10196
-19612
7999
-32738
-15083
-30373
25048
956
-21896
23750
-5092
-853
2279
8174
-9296
31482
-8957
3205
-8429
-13430
-3785
-15916
29219
-9455
31449
-2278
-1040
29758
-4237
-3203
3633
-22169
-13768
23066
4063
5075
30381
-12864
25463
-15742
6862
20937
-7048
-10570
-17000
13168
-13756
-20329
14844
-22105
18806
-21444
-17846
-25939
29182
-1935
17753
-7633
-14385
-29081
11959
-15659
7692
13392
-5594
-13052
24105
-31747
-25736
-29254
22887
3943
-13801
30799
31187
-29438
17842
-5077
21049
-9642
24211
7092
18405
-7246
-15907
-9475
-31065
-26840
2058
-22056
32108
-547
-5820
795
-31936
-24113
4036
12651
22117
19046
-6019
18991
9561
-12754
-28168
-6448
-10189
7828
-15775
-26838
-22035
20561
-21629
18793
108
-23946
403
11514
13332
11188
-30414
-24579
29092
-22546
26047
-3169
-26912
23894
26559
2810
9139
22864
-2565
-11224
24508
6446
-26128
-31598
-30789
-25114
-9026
-32116
8017
927
10260
18736
-3272
-6522
-12662
8819
-15606
-15234
-26883
5607
1541
23339
16172
-9469
-4112
-9734
20786
14955
11818
-7927
-8074
-19056
825
-16034
-24618
28574
-6377
-3163
-3533
-15393
-22911
-21776
-328
13085
20725
20280
32303
-23759
1097
10895
24506
-6561
-18978
-12745
20004
18810
18882
22585
4591
-169
12952
-4315
22897
27722
11960
8529
5590
-18385
-20811
-5783
-6817
-17521
-25587
-13710
-31114
-13210
-12516
-24587
1451
8227
-23164
30481
-932
29000
31829
-8198
12990
-31516
-25176
22011
-17137
24427
25862
13065
-24188
32
-29038
-1131
-2448
28309
20514
-13124
-28059
-22481
1680
-8940
-17305
14353
-2804
-24692
28102
3840
717
-30152
-18041
24639
-15721
12260
7211
-11384
-30809
-22081
-19925
-11582
4892
16136
-21671
-25268
-22480
-31249
17408
-20221
4298
29983
21549
21918
24493
17385
30842
-8146
23597
-3293
-20299
-8990
32018
-4196
-7903
-27507
1737
-23994
-15835
2769
3538
3081
18301
-18222
27694
6854
7218
5913
-13126
-16046
5929
-25409
-8133
-19596
10217
16703
-16820
-32216
-3323
-28680
-30850
2755
-24258
17845
-25343
15657
4197
-22920
30499
-29136
2861
-24420
-11120
-21406
-9664
25131
23895
-1874
-27734
1438
30341
-24198
-28987
-10484
-29239
10869
-31107
-4094
1799
-13674
8923
22471
5610
760
32510
-7658
1398
24942
22206
7924
-15424
7725
-14750
24097
30435
29644
18088
3658
-20536
14453
1761
3967
-18266
-11816
31637
31961
23189
-9882
16554
19248
-2114
-18869
-13529
7559
-19033
28839
3180
-2671
872
29181
-15259
614
-7110
23360
-26994
23917
-15566
30369
-16773
28155
-17417
-26192
3622
13381
-430
25417
3822
10615
-25365
-20782
-11326
-25846
-18573
4752
24572
16224
-12546
-10567
4432
-26226
-26578
26210
-12277
27052
-23595
-19274
-20607
9510
19669
31613
-27738
3102
-22159
14332
-30947
10054
-24035
9654
-14502
14908
-30575
-26854
15990
-13203
19679
16607
26760
-10181
-26122
-26595
-10661
5315
-26276
27946
-15948
-28659
2452
-6204
26872
15857
8077
1637
-30968
-30798
-10123
-20578
-3261
-26888
-17629
23134
11284
-3289
-22955
7818
29546
2673
2402
4956
-3922
30882
-15671
28912
879
-20428
29449
-27064
-11208
-9326
-27929
30800
21252
9304
29736
-30025
13667
17464
21704
-28696
1339
-19414
6185
-1649
20839
23349
23247
9199
-17170
-30168
1040
-6281
25706
-14312
31646
15348
-26624
-7633
10920
20028
-1404
-1245
21566
30377
7712
-31310
-27739
-29220
-1728
29448
-31283
-30577
1102
3132
29440
11272
-29899
-7245
9046
15622
24301
31319
-5035
-28570
-7184
-29973
30890
-6489
1885
-25521
-20029
-16368
24497
2399
15320
16432
32609
-6244
-6844
24492
23039
-11988
-22291
-15656
27012
25811
-8354
3167
-17590
-15989
-23916
-16713
14808
-21383
-27310
25774
12828
28233
-7560
-23754
-13840
30053
30371
10988
30337
23582
23626
-18700
24417
8587
-31280
11752
27749
25516
18461
-1421
30608
-9092
-20495
-27480
-31855
11821
-16746
20731
13479
11822
-5724
-20293
23972
14344
30729
-24931
23022
-13068
-22365
-30812
7014
-25959
-18244
-14376
16331
-29695
17063
23741
-11562
5034
-25236
26335
-24408
2954
-2590
23949
21945
-32219
-7702
20978
10634
-23276
-1278
28256
-23582
29709
-32075
1102
-16742
-19449
-18452
26328
25309
-15056
30484
15457
13339
29690
7732
31436
-27407
-5817
-18428
-11187
-13422
20592
18671
-13976
20567
18111
-13045
24694
12098
8559
-222
-18881
-10579
-29796
4000
27471
2540
25200
-783
-4935
11992
-12957
-19843
-32530
14542
26783
-25222
24500
-23137
-21009
22471
-23427
13577
6374
-15731
25449
9803
-21103
-8801
-26102
-22441
7618
13754
-6514
-24610
6398
5300
13269
15141
27564
-1410
-23720
-26867
-32467
-26183
-1861
26818
-7594
-216
25313
14229
-25251
28857
-8288
7652
23990
20668
51
-3816
28834
-2396
-17929
5627
-5484
27112
-17783
32385
437
31556
-29671
-21390
-26303
-2655
-13310
15301
-16101
27004
-28616
631
2834
-23576
-12026
-11689
31584
-24232
10191
21736
-21978
24959
-4346
-14260
-16115
-19770
-9099
19648
15756
29592
-15382
-8431
10006
14570
-15470
8209
-12480
-32144
-12100
18982
-32719
30062
29010
16549
-20734
659
-29711
-11706
-24085
14719
28682
30410
18421
-5728
-25217
-25291
31271
30404
11324
-27850
-19796
17880
-22707
29766
-8540
-18585
29262
24488
18023
-10057
-16287
-22703
-26855
-6480
-31331
13474
-18455
27781
15566
-19426
-24271
-5195
3147
-18580
-14915
8999
20008
7697
30117
-25224
-2175
28719
19461
-4901
8016
-3785
-24094
-4056
-23531
1976
-4996
-27688
-13447
-26207
13582
-19786
-29903
9126
-9391
18143
14745
28407
9924
8389
-32694
14116
-25925
-5078
-5711
7355
-8420
20766
-25883
-19234
13683
11453
25739
-32697
19203
-5922
16059
20549
-21875
7383
-1810
-7208
2010
21321
-2337
12002
-30022
-16140
-25811
-18167
4763
-18678
25048
-32674
-29323
-17237
-16994
-29580
-12111
16666
16337
20923
15862
-19242
-22077
-29139
-28085
7459
1357
757
-10355
19108
18344
19363
30169
17903
-922
12225
18447
-19769
14080
31982
23008
-12294
23507
-27196
6636
-14288
-9162
-8813
-7402
19369
-31582
3708
-25592
-5062
-19542
-29632
-7506
4780
-3502
-14224
-27766
111
22975
21267
31415
12162
7097
-9062
-30682
-24144
31363
-26201
-22837
6891
16095
25181
29898
-20419
27414
6039
17402
21636
25740
-96
5476
-4671
-31042
4581
-24565
-29080
5222
31156
9154
26246
-7436
-30984
-14525
-12415
10980
-5540
13318
-16019
-110
7001
28949
-17195
-19093
26803
-27796
-15985
-8882
-3147
-23288
-21191
2006
-25628
19445
25863
18535
-2719
-30224
-31351
23790
-246
-20371
-21745
-8297
12919
26625
32543
10029
-14724
-2365
22906
1974
-7847
-3202
-15376
-3537
13135
3795
15012
9264
31940
-4284
-21744
-25134
26429
28160
-7753
28754
16475
-2954
-4583
-28523
-30374
17946
3819
-19300
11019
-9932
-28278
2529
-19443
11210
-21323
-1296
-21620
22848
25659
19859
7335
6227
-597
21695
15482
17816
-7052
-9434
25357
5830
-31969
3878
4785
-23521
18770
-2778
11637
-2135
21166
11834
-24596
-21315
31895
-17286
29213
17225
5182
-3718
-30725
-27659
-11235
-21803
23760
-21864
15274
6138
-10248
-29282
6268
28282
8939
-19998
-31522
-1526
8518
-6592
8977
-24022
-22694
20812
4774
-1446
20340
-31177
-24348
-3050
-20562
-20127
-31205
12211
15229
-18001
11133
12239
27183
14972
6208
17535
-31910
-25368
-17684
30371
-13766
16486
28243
-1806
21537
-15895
-25693
-26693
-13361
-32662
-14585
4576
31841
17986
-25863
25205
14234
-28897
-27235
21146
25387
-27203
-7558
-2579
22261
-15829
25725
31536
-10425
-3329
11328
-12405
-7300
-10361
-2512
20942
-5248
-3397
27298
-9296
-7612
26278
-13071
-6768
29791
-17152
23124
-10887
411
20579
11387
31097
27119
-7422
-2164
27431
-30770
146
-13485
-31893
13429
-9256
-9896
11547
-29982
28412
-24566
-30487
-12743
13974
21541
-31173
1394
-22708
6399
17315
6465
8019
30941
-9696
-6603
9839
-8048
-7417
16884
1379
13046
29899
-11132
21719
-10339
17476
-28585
2294
2599
-12424
26663
16200
2017
2007
-27078
19365
-13221
24413
30947
-12117
-10271
-1107
-1013
16392
-28258
-28697
4542
-13116
-29643
18376
23756
24714
-12833
5926
2245
-17037
30496
20701
6960
10892
-2728
9867
-19905
-523
5094
-11918
28697
-15440
11025
13309
-14760
-817
-28217
14892
1735
-6053
-26129
-2902
-21200
-30606
-1791
25239
-7964
31794
-29338
-8917
-6022
-3178
21628
-3930
28878
-16206
9765
13017
14347
5185
16162
10984
-16342
-19593
5997
1602
-15464
-23556
-3840
3818
16450
15078
-2022
-26124
-7060
-12749
-2084
-25056
-29001
25914
-12909
31621
15241
15978
7174
3903
-26281
-8375
-28144
-24947
-16848
-22392
-19245
31181
21364
1688
16610
5273
22631
29143
7108
-18542
-16958
-21299
29819
9919
2227
9385
-9120
-15483
-24207
11977
10129
-1813
-225
-1846
-3800
-31184
13013
-4114
-8819
13842
9308
-24908
-6701
-21358
16367
-3132
-354
-18060
6007
17277
20790
32697
-30851
-19351
-2848
3296
9597
23179
5822
-25044
7598
-686
-30768
-25250
-25662
27929
3169
-31859
-16704
3125
10978
-16631
12082
-26954
-1365
12285
-15043
-19120
1671
30683
1385
28758
-1975
-22503
-13025
-20561
-11506
7267
17611
-18458
5543
8783
-4072
3743
11203
-8569
7915
21494
30972
-22153
-3013
30338
-1345
-18504
3216
-31451
7049
11943
19196
24629
-15762
-20878
25072
-20454
23592
-115
6611
4854
-22024
-20782
7419
12452
-1026
-30838
31305
-10154
3044
195
-22805
-28809
20377
-29212
-29065
-9000
-27822
-26549
-23274
27911
-13
-18765
-23729
32512
1582
12809
13356
26531
28095
-7411
17150
11117
-4796
-17223
-29240
12415
5851
7844
-27219
22931
9356
-20117
23974
-4117
-25613
-30216
-6980
30149
-22100
12615
-16048
22667
14393
-20264
-2037
-3149
-11844
9572
4139
25935
-18670
-7877
27527
10347
16595
22594
8625
32376
5324
169
-4648
31010
-9541
-24180
32297
-5357
9122
-13886
-26840
-18642
-15680
-12250
2680
23918
22163
20498
22309
-22461
-26288
17940
23134
-5227
-21980
-30033
7359
-110
-613
22903
25025
12022
-31831
29610
24511
-11781
657
3786
19370
17995
-20642
-16797
-22257
17778
28443
-30137
-26655
-27877
5865
7045
10696
9818
5467
17156
24018
13364
-29900
-5098
10660
-25837
-10675
30464
-8990
21711
3578
-10870
-20485
-13654
-24445
-31675
19587
22747
22013
24632
-22206
-28158
-31510
1805
24730
13221
8124
-9593
23499
15268
14099
15178
-4544
27027
-32175
27728
10504
-28533
-5090
30287
11993
-23410
-15208
-20425
183
15497
-10117
-30309
-11405
4558
23674
24690
-17817
4860
-20642
12607
588
-28935
-1867
-20217
12396
-3012
-30829
-16235
25112
15086
-9647
8545
-11962
-28686
-15721
2002
14097
-24495
28127
22859
-20120
14216
12866
1032
-21679
3667
11871
2490
7345
-20360
6980
-31665
4538
14577
-14646
18448
8173
3344
-21368
-2881
-4822
-23223
-31962
1143
29626
-6779
17642
22721
32732
20795
-28872
-32229
-3377
24489
-29414
-13277
8924
20900
7867
18578
-24463
-10813
-7828
-27846
14547
-1999
25487
-21592
-22854
20208
3340
-23575
-2917
-27439
8198
29750
-19801
-32549
-6427
-3665
28677
-18291
-12661
-7444
-28005
-16773
-27734
8267
17021
-3181
14271
-9561
-29367
-7739
-1544
4595
16795
-3545
-10601
-19488
-17773
-13205
-2977
-15488
5194
5594
29220
25984
20443
10051
3738
32574
2548
-26659
11335
31756
1883
-17069
-5729
-12444
31134
18390
10448
28793
24043
1089
13577
21874
-30579
998
-31245
-1151
11043
-4397
-20685
9480
25408
-28153
-19229
32371
11853
18574
-31973
4384
-10642
-27571
30305
-30824
-1252
-30017
29009
-7594
6084
12409
-139
5118
-29528
-1527
12559
5042
5356
17601
-16197
-3299
18418
20520
22917
-30334
27312
17302
-7455
-27010
21985
-29569
1916
-268
-28987
5255
-21484
-3083
174
29877
-32184
17696
32184
159
-4530
16640
17273
-1337
26488
10092
-24810
-17920
-25081
2214
9985
22703
-23561
32451
12365
-5856
6167
-30807
-4091
-13702
-22078
26989
352
15555
-657
18147
-15547
-17811
-31950
17681
-2116
18547
-1020
-32704
30285
443
15048
-16133
-17076
7534
19155
-4142
26029
-24962
5736
5637
9090
20797
12927
-2379
32390
-7870
26623
27608
19378
-22830
22238
23803
6938
29662
-1170
-21510
-14116
14585
-16417
-2890
24404
8756
-16110
-18184
-11077
1197
-28304
-21972
-8095
-26346
-7005
20883
20394
-20975
2320
-13426
6560
16979
-9339
-23381
-451
9853
23296
-9651
25572
24218
9236
-31724
-17185
-11736
-5413
-2580
-12187
21625
-17896
-9422
-9336
14196
8752
-10734
-4409
9733
-26784
15413
22455
-10529
-12839
4506
-30414
2848
-13896
-1783
-26795
-21491
26344
-2467
26366
18868
-13384
2276
30556
-12334
6800
-11090
-30315
26052
-11842
-9598
-14070
26091
15065
-16678
22621
-1487
-19392
30493
19682
3314
-32569
-29401
9213
10059
-30787
-23129
-20235
-30872
26187
-1156
20147
-29066
-20348
-2869
-15564
15675
-3202
-10732
-28380
-13471
-3554
22096
-31021
22508
-12774
849
25186
1332
-25487
14445
7474
-25417
-29581
208
11507
-12912
23360
9984
-30211
16062
27061
488
-12655
22502
-20726
8789
28278
-32655
-29243
-15288
4224
-20463
16230
-31551
32723
-9753
-12728
-5082
24963
-19602
17710
-22367
-12826
-10524
-23395
22231
31581
-6308
-23177
5770
30494
-5064
16948
-10865
30225
30439
9005
18712
-25248
3527
32407
7639
24170
-17171
-23012
8073
13136
26183
10574
8028
-32588
-20235
4904
26755
25691
27865
30721
-22868
18507
-6427
-12499
-9019
-12175
-16777
29748
-13056
-14637
-30234
-23538
-30331
1649
-4987
-31015
-6917
-29758
-20471
5351
25827
-14720
-24442
-1715
10031
-4196
11009
-12013
-10646
13541
3749
21328
-1815
28684
-14294
-31276
-24650
17316
14310
-14662
27930
16397
-14216
-12945
4805
-23867
20695
-19586
-21283
-31842
-18702
-23197
-22355
28085
-5097
22997
21047
-1832
-3473
-5097
10651
30391
6591
18514
18790
17692
17235
19530
-21967
14821
30209
-22320
18699
25210
-1495
-3122
22866
15990
22093
7727
-321
18685
23990
30963
28336
-5180
22887
-2229
-23138
31268
2350
-32493
-24514
14026
22618
27557
-11315
-7425
-1928
1125
17719
10160
27710
-17062
-24584
14802
20028
5347
-13736
3161
19055
23802
13031
-15621
-22325
-28655
2929
-21449
14005
-3495
16678
2122
-31171
3089
-10503
20174
-16990
-13724
13666
-17210
8800
-12841
4409
-13109
-10559
-3051
2806
-28951
2674
31029
-23447
27476
11538
-19056
6986
9221
31324
2437
-7019
25405
-12421
-3846
9388
16375
10157
-31665
4742
-19370
-24359
16337
-8253
4597
-25401
-7723
-31068
18691
3421
-13767
-17992
-29233
-16457
19318
20664
31506
-26713
-14340
3131
-24743
28557
-11484
25565
19938
-10278
5922
-10596
-10859
-20645
18351
24993
-18380
5938
-12809
20424
27502
-21089
-25385
31370
825
-15207
-456
31980
-13697
529
-27138
19454
3653
25042
-10838
-6608
11629
26226
31071
2208
-31561
-27509
-5980
27078
3398
-32405
983
1862
-24116
13091
3745
24485
7534
-13426
10836
20862
-3439
21357
-12609
22884
-15313
8390
31398
-2953
-26174
9891
-32219
7393
28203
16222
-28123
-3646
28144
27266
26152
-22266
-10750
-30068
30179
19478
-3774
21139
-26674
-27024
28990
-24612
30665
11255
-1146
-15122
25766
-19737
20757
-27282
-24111
-19754
7434
-908
-25223
3656
28002
-3584
8275
5853
-18783
-4396
-30248
3980
9521
16091
-5523
23091
-11322
12760
22852
-13807
-10384
8735
-30458
-1288
12580
21722
-23176
-27464
-14999
-28499
-8792
1811
8291
5990
31265
16504
-29631
8368
24962
9237
-14958
-10757
-20757
-20155
30958
11289
-17087
-111
-1720
-23424
-19040
-2889
-28213
-24622
10563
-10898
-2806
-10887
-6588
7873
14814
14829
22083
24657
-10049
3584
6975
25466
27748
-21785
-4032
-12633
-12938
8911
-10928
-14802
26197
7329
-20833
-6611
3354
281
22328
8993
-22027
13938
-25122
-3631
-22158
4273
-3961
-28865
-19614
1389
-3888
-14223
-23865
-25716
4027
-1480
10960
-16796
-1690
-28408
16975
20187
-19241
-7752
24497
-2019
-5421
2320
-8597
31483
-10006
-31206
27892
22935
15677
12592
-23094
18715
-19510
13312
-16184
29130
23697
2278
-4598
11019
-21619
-27251
-686
11212
-25175
-9393
-21401
13106
-12486
6043
-26228
-7197
-32259
-14212
-21410
-25705
-17506
18170
24813
-28095
-25006
-27233
-8194
5957
25443
13956
19985
-10761
15843
24194
9147
9797
-9522
31283
-345
27051
8034
29417
12999
-6447
-20038
27547
-18094
6476
-449
21460
26436
-6279
28071
-12460
-13404
4801
-23221
-18116
14123
25822
-23179
-3224
-16332
-8027
2252
-326
32133
19895
-846
-29046
-12432
-12924
6021
3345
-28976
-29975
19634
31774
-5610
13792
-23793
-4808
28803
-23911
-1162
-18431
7248
28961
11500
-24856
32032
-22102
14057
-14357
-19755
10819
25123
410
15972
26844
-31994
14774
7312
-21442
-26034
-745
-29868
27421
-4990
-29640
-31724
-21231
2427
14421
26234
20811
23387
21362
-5413
-2162
3014
28686
-16165
12381
28246
-27851
17707
1191
-3259
14017
12027
-17676
7041
15391
-30499
11386
-12080
24123
-14952
-18246
10948
-7389
7876
19426
21126
-18669
-8921
27307
5096
-13996
4299
-32018
7425
28712
-21755
-23231
-28513
2781
-24446
-2718
-30535
-344
5113
16887
-13594
12346
20964
20865
27037
21533
11842
-21607
-16650
-26830
-7279
571
3272
-8593
-11550
30044
-21592
-32529
4838
23577
-30799
18957
18224
23944
30771
379
29296
-32199
22817
20953
5585
22205
-6704
-12371
-28951
-11451
24027
4341
10380
-4363
18825
28461
18708
-1875
30045
-30659
-31948
9100
15707
-5210
17151
-29194
-12784
-13615
26004
-4776
6875
28718
-25929
-2625
28176
27614
-6348
18612
2655
-4766
8049
3433
-26437
26753
16333
-693
-27339
8973
2499
14583
6153
25830
-885
11554
-12951
2119
-7364
25068
26184
14865
11039
5432
-31317
1387
-21024
232
-21812
14808
10732
-5036
22137
-17598
-15891
23937
-24988
-28174
21671
-10288
11976
-27055
-10733
4619
-26824
29827
-20851
20677
13582
-3543
-29846
-16150
20992
-26842
2840
-14548
14833
-28318
-18516
17988
-29333
14258
27976
15771
-32291
-27065
-2736
10494
-24092
-14338
8255
-10450
-9978
-25324
-11016
19061
-25026
-3694
11905
13825
17269
-23483
-31091
194
-18299
-3504
18402
24699
12461
-22566
-15924
-9531
-19075
27832
-32077
9786
-8415
31495
-7300
18181
7368
27802
27994
32761
-19873
31709
22207
24692
21764
26802
-687
14857
1701
30931
-8046
6973
-5995
7275
-18944
-439
-20401
6774
9911
16170
13941
27092
2241
22256
1526
-8752
2733
-26743
8533
22194
32419
1738
30182
9845
-355
19487
2694
-13554
-3005
28925
27174
25934
31426
29607
23527
32595
9188
2865
17334
-15860
-18358
8856
7948
-1244
30252
-31176
14839
9186
-22455
28253
-9331
-22330
-17508
31076
5295
-28675
-31210
4
6201
26851
12591
-9328
11304
-22452
-25089
16999
-17485
-11095
-2039
19394
-27216
1014
-16298
-20973
12604
-25610
14956
-12680
-14284
-5390
-4674
-27842
-9033
17654
-30064
-3890
17264
-13942
-29423
26306
16338
-17381
-15575
-10674
16420
2488
12978
-30562
-25589
29818
-17249
26168
-23034
19204
-17098
-543
-12323
5509
-7910
-31308
2411
-28373
-15090
30931
-13048
-13627
11414
7719
-21181
-12998
8990
-19742
31333
21794
-2409
29138
1607
-10242
-29845
-9975
-16609
27146
11262
-19590
13444
12654
27418
-23917
-3261
20260
17647
24473
-19871
9154
6069
32721
-10265
3723
10996
-25498
-18142
-20998
-14888
-1855
-17821
29987
18534
30143
25348
-16707
-23007
-29774
-14136
32718
31904
-8838
19436
-19900
-5530
-6854
-17195
18176
-3382
3014
17430
6300
-7399
30487
23346
-1454
26386
22101
1964
6959
2416
9440
32541
-32322
-8283
-26860
23473
15701
11596
-23461
-29459
26092
-29524
-4367
13369
-7316
-2285
-16330
14114
31673
-5343
-23471
862
-602
15385
25732
28132
-23378
-1838
15887
9162
-7121
16719
-32352
-25892
-26572
-1777
2288
-29430
-4996
3687
16961
29445
28624
-31227
-1407
30955
26613
-29404
16048
-32277
-24961
-1660
31544
18410
-9925
17933
10036
31833
5993
-10913
14107
-21019
-23473
-11765
12
-22432
-7097
-357
5897
12124
-5606
14305
18664
-15246
-15248
23387
-22738
-10368
1542
-20767
-134
-23531
5478
7654
24337
-10551
4450
1950
-28366
24114
4059
3213
2651
8365
23718
-27184
14576
-7599
23902
-444
25072
26461
14217
12169
20630
-8793
7980
-9303
19248
23094
-3427
4195
-19548
-1929
-6257
-9301
20363
653
9124
-4902
26187
32015
27915
31999
-2950
20312
31633
24362
-29264
-24895
-32076
-1742
22317
28840
-24701
20081
-1971
-10767
10394
-30958
6766
27834
-25197
7863
11693
-761
-13699
8984
27531
-23511
1788
26240
-30814
386
-4008
6026
17968
-31024
-30941
11562
12686
-31720
-24512
30000
7689
-21156
18203
-3726
6474
-2229
-20298
-10777
10152
27727
21460
32513
-5581
30035
-16050
-5286
-21143
20469
-21416
-3491
-25231
-15137
-27027
-632
15112
-32616
-9537
13189
-24084
-24653
5505
6284
-3013
-5899
-24663
7285
-1993
25352
15042
21801
-12553
25414
-497
29927
2169
-3664
7469
22290
3566
30283
17306
-5494
28699
25807
13208
30256
-29655
-11006
7831
4042
-18996
-16766
-4293
-12274
32229
-29226
-27696
-14532
-3689
17556
-15394
30088
-30866
24517
-27028
24161
27606
-1247
29614
-32109
-15326
-8446
27322
10827
26373
2974
-2559
-7622
-26990
-1409
30224
4289
31839
7767
27804
-10548
-26228
29683
20970
-29732
12602
-6013
-28597
12864
-14065
31875
9879
29587
6070
-18572
-6118
-18914
26804
28362
13104
-1732
1863
7638
32053
14101
-31342
-13317
-3262
23181
-13530
8507
-13707
4838
-18679
452
10495
-14654
-25782
-3195
24942
-31603
-2644
22513
-28966
-16913
-24337
-11973
-7922
-20437
-1782
4703
-20738
12173
-4818
15372
10298
-32372
10974
12157
28623
24715
29503
-12047
26997
22418
19516
8675
-7403
-20317
26251
-25546
26675
-18062
-9718
-8307
-2597
3123
8853
-32588
22599
21357
2941
4291
-13467
-15533
-30608
11027
4716
-2206
9120
29609
22327
29897
-29202
1936
9011
16213
19078
9508
-23505
-24569
12075
4744
-6697
-31511
-16280
-23463
16282
25027
31986
-11651
6396
-12992
28997
-24752
14051
18278
27012
-9949
-25233
16745
1776
26981
-668
-17236
-19711
-27483
-32375
7657
-26098
-22127
15691
20854
3319
-27162
27122
32152
-1375
-3792
-5310
-27341
-10806
14683
3627
-25677
11020
-24019
-7862
118
10873
5516
26042
21214
-19830
13391
12245
-1170
-2552
-618
13578
7639
30329
17782
26519
-16773
3709
-2427
-10918
10079
31950
13307
11206
-15932
12797
-22125
-17415
-16484
-5730
4470
-12626
-4329
-24192
-17006
-2834
-20602
32409
3641
-24669
26443
19142
-18595
9589
18440
28071
-19010
-6142
-24238
-22400
1941
-19430
14708
1155
-13453
15734
7129
27115
11758
-10904
26785
13500
-12650
3981
26343
3328
-30866
-19543
31686
16384
-8680
3127
13825
27388
16186
17534
-3164
-13665
6029
8651
-18966
13355
-1992
20759
10407
-18428
-20807
7004
-8416
-268
-26975
26982
-4248
17836
-29646
-12046
-13835
-28994
25286
-5664
-68
-17147
-9641
14215
10510
-19062
-32139
-23783
-1236
-10955
-7185
26929
8305
24508
22182
29295
25027
13691
-15970
23846
-18143
-1613
-26526
22205
-29225
-14506
-691
-27214
-16157
-16271
18553
19469
16723
-27763
8681
1940
26220
27616
-12829
-17334
-2580
2034
20483
2722
27338
974
-2132
13507
517
-7549
-14473
-7734
-23447
15362
-29800
8839
3096
16995
9191
4584
-13229
-19104
17150
-19485
9540
-24738
-17251
-5283
4684
-23489
-4010
-24472
-21895
21440
13303
30037
-7660
20330
-32060
23324
-4009
-5774
-20110
-32612
-3058
20106
-31056
-5242
-25711
23022
15281
-31864
-21773
-1688
-7985
-27344
30110
14607
1882
25878
11377
17533
7212
11328
-7061
11921
664
-16772
17237
18886
32615
-18692
-15281
25199
8887
15382
32146
12495
5136
-10089
-595
-30875
-18488
9643
-11720
27860
-3256
20521
-22102
-10754
-370
16314
23387
3766
-7329
-9791
17589
-431
14165
-6970
-9433
-30071
7249
15811
19372
13938
-24378
-13631
27757
-10837
-5552
-26311
-20670
1660
-30998
-15218
-9502
-24504
-17117
15819
6990
27055
8186
-15719
24134
31864
-3439
-4204
31740
-21902
-23694
-4618
-13962
12773
7450
28345
25406
-28780
-4245
22967
-5100
27154
-11907
4121
17518
14023
-27463
-3799
16605
-6901
16887
-23532
31711
18837
4285
9258
6404
-15172
459
908
-21640
3439
-1464
-28145
-6555
-32525
27145
2170
4223
21218
-4418
10265
26204
-14715
25493
7335
-8738
-30261
-31442
8625
25436
-2050
29113
-23871
26422
-15356
-10421
-13821
-10935
-25034
29753
8033
-22110
16615
-13864
6388
-16031
25237
-27777
29549
275
12718
-847
-540
-412
7605
-24200
12214
-299
15805
31462
10166
2961
22678
16861
-8801
6518
9460
381
3067
-12045
-3396
-12619
16378
11372
-27191
12339
-7524
21365
-12383
28479
18988
-23727
17693
-19173
4083
-179
25969
3092
-29161
-18974
-18999
15475
-4157
-29759
15221
2633
-3883
7037
4421
7791
15871
28282
-9712
-11533
24964
23757
2282
-32315
-30283
-15985
25211
19040
-20193
16160
-4413
9458
-32416
-16306
-31594
17693
27802
13504
-3019
32465
-13606
-11482
20156
-29719
25318
601
4560
-9908
23006
22099
21936
8696
11961
29342
-5567
13741
22288
-26220
-29048
25560
27875
17205
-28003
-968
-18334
-32024
-17796
-27276
4784
-25183
15202
-1347
-645
-4609
18720
16192
23569
28451
-2930
31676
21243
-13085
-10153
9965
-21315
-19325
27400
20218
31449
-30067
8427
-19594
-19668
13711
-26033
-15105
23511
-10466
31920
5520
24220
-4377
14414
25577
27228
-1420
4339
10608
19814
-14286
-7405
-23895
-5098
7018
-29182
-17057
-14069
-16912
29216
23850
15272
-1558
1290
-4580
27943
24056
-6560
25545
-1942
-15988
-2273
11662
-29363
628
-32529
-27574
9820
-11507
26871
-6208
-23394
-18419
-24560
-19033
-572
-3194
3052
-10653
17222
19507
13487
12597
-4977
-4510
-30442
-7868
10446
-21819
4750
-31425
-27377
26400
15457
-14836
-25823
27893
-4626
-6386
31685
-15738
-6413
-7443
-2328
-24396
27968
-4029
2836
-14425
-22776
-25399
-10911
-27952
22342
-31690
-24813
-19857
22923
14139
-32174
8249
16694
-5320
-799
-12753
6708
27464
-15581
31007
-11728
11964
27603
-17954
17035
-32311
-21793
15240
-12714
9402
27741
910
-28359
17901
1235
-31761
-5826
-29563
19125
14348
16763
5389
-424
-30211
-31029
-20643
341
-12497
1289
-23297
22128
-473
-7349
-9007
28248
-30533
-16571
27153
-30548
-24429
-21837
-3839
19274
-11648
-26843
-2525
-20098
15043
-32199
22857
22061
-31583
-32385
4199
-28609
28294
-22804
-3524
22639
-7796
-26672
23089
22940
25795
-25056
29991
6915
-28077
7432
30248
2878
5293
-11610
10222
-2892
-4469
26173
-18870
-27866
-16353
-3730
23909
-12742
-14220
22291
18152
-8012
8391
5854
9437
1376
9170
-12465
-29619
6022
41
18479
-10570
-1037
3307
-32747
-9589
-22031
-30380
19459
27953
-24476
7342
17811
12626
-24493
28130
-20991
5967
-10999
28408
13390
-32763
768
-21110
20266
-28018
29384
29222
25888
14905
32619
1150
-19629
16812
10317
14964
-27690
-6797
-1265
-5856
-25742
7174
-23173
31963
-32439
21808
16489
-30929
25566
26155
-17144
-28162
-18743
-3855
5602
-14550
-31083
5917
21640
-2102
31729
25338
-4927
24178
16689
18750
25822
6787
-23614
28166
-186
-21779
24867
21932
-22035
-17798
-28144
-23797
14615
4529
5577
27955
-22037
5325
-12705
-2329
-4035
24288
-9168
-8643
-11267
-15360
12282
32226
-19053
-14834
-22360
-7646
-8214
25837
-32664
4214
29332
16703
7576
-28193
-25345
-8349
24083
27692
-20425
-14877
-10790
1722
-12465
-17029
17795
-4720
11881
15682
31193
6543
-12880
10244
25049
-23181
25365
-19698
11646
-28328
10137
-17799
-31319
-7072
25999
32410
-7944
8019
-24555
13538
-12471
-22373
31656
20332
3650
23108
-30826
-17517
11011
6329
-26134
-13086
-11768
-7821
-2900
5332
13851
-28057
12506
19625
24277
30744
-4865
-32213
-27184
294
1534
21349
20737
-28468
-29568
-8007
28033
5895
-31051
-22736
4512
6466
17632
4443
30985
29036
6223
-29245
6067
23579
9268
-32112
-27256
-31356
-1400
-8907
9011
-12726
-32006
25532
11211
-21467
-13532
-2662
-4775
26420
-2490
-25072
2962
28334
-18168
1845
-16685
-9561
-4067
-11103
-8482
-6387
-32565
-20246
20941
9372
-1939
7242
-11959
-20546
-21129
27770
21954
-18093
9473
15494
-32615
-22596
-6700
2529
22024
-26877
20835
1358
7302
-3152
2461
-2874
-23322
-8240
16423
24526
-19553
124
23746
-10980
16650
-28057
-1460
19024
8111
2323
15246
16653
4276
-2926
13114
-24219
-19770
20959
941
-4630
9097
-14637
-8115
10867
-778
13005
13576
-30074
-26473
-21159
2979
-7554
5304
-2419
-29848
8900
4449
-10097
15407
617
23779
28836
-8796
-13720
3573
-6040
-237
-8960
31500
-28522
18707
32219
-16010
13380
9250
23975
17247
11492
-7558
1686
-20845
-21685
-15079
19732
-397
-24268
-13656
1235
-5432
-13849
21636
28399
-17342
-2681
21320
-13975
-26682
-27436
-25876
-7595
10522
-15819
-28652
-24920
-14348
-30137
30278
18999
-3153
-30340
3741
-3525
-24895
-16393
-10312
31629
-15212
-29417
-19946
-9442
6960
-2577
10223
-12912
-6977
-10199
28032
-10578
8310
3696
-29908
-6541
-22265
-2639
-20509
30171
-17905
9940
29038
-3134
-7782
-22606
17157
10299
15127
-14177
15324
-22365
-14957
3584
-24520
-5411
-19094
3168
-27068
-10952
10244
-18497
22292
10721
27165
-365
-31971
14086
13147
13764
-26169
-29403
31436
30699
25933
13352
31514
22980
-21913
16089
-17062
21536
-27060
-20945
-30041
19670
32020
11832
-1264
7762
-29974
3891
18814
-2086
-19338
18979
-30639
6277
25470
8421
-29091
-20799
-29337
22728
23281
27830
-6086
28188
18887
-22466
-9039
8607
638
5180
-6473
-25907
-5119
3478
-11056
20681
125
-11820
629
-9383
6854
-26203
15769
-2270
-31313
4575
2461
-27346
-21571
-25037
13020
7237
23541
13355
-23311
9056
-15591
12390
17225
25817
-16165
-31672
-21406
22604
-5732
-30404
10590
11046
13448
2130
11678
-22609
-9530
17405
-3284
2177
-12999
239
-27761
24808
17055
30732
-15787
-24566
5267
-2256
-21579
-16524
-12105
-14792
14613
9033
-24696
-3349
18940
-11898
17179
22381
30695
25033
1246
-1897
-28747
23520
-7782
-10153
14684
-15644
13937
24296
7138
10759
-30539
11912
30872
-4734
7740
-19312
-23348
-6509
549
-1814
-13045
6868
20085
12395
32033
-21773
1667
26312
29143
-6643
-2209
16956
-10856
5855
4746
25930
-1107
13605
26105
18325
-24132
-22859
-25842
-10031
-31359
31548
-30618
28439
6284
-11635
23933
-25000
17937
-24884
-23751
-30957
-27205
-11291
-9280
4801
1891
20814
8669
24631
-17599
-24066
-17926
-21532
-902
-24069
7725
19669
-24911
23705
30977
-11945
-14362
943
0
