6622
-4009
-20863
-24319
13347
13
10798
-3655
7528
-7446
9768
1091
-8284
-22537
16559
30550
-21146
29674
-28640
20497
3187
26094
6700
29800
-13635
-29348
30524
-13973
-16435
30425
456
16962
-20760
1009
21682
4241
-30210
-14614
-18623
-28985
10545
17738
-17571
-3707
3438
-10317
-19583
-7483
-5295
-26639
2585
9921
-26236
13608
-18266
21136
-23866
32528
-5096
19890
13375
879
29191
15508
-28108
6604
-31383
-618
-1594
-18834
12730
7411
9388
-3102
1305
-24724
22340
31159
-4632
-10897
2716
-27957
-28564
-2745
-8245
-3991
29232
26805
13856
30406
-19517
25398
-6220
-4750
-14672
-23275
15468
-25148
9584
-14318
-2251
21067
-2658
25380
527
-12924
18657
17590
17915
-265
-19319
-8416
-23377
-14343
2861
12059
-8468
25479
24017
726
-7676
4997
31675
-21919
-7595
27364
8408
18805
16103
26792
-26271
-29858
-15719
20011
-29231
15137
9412
29330
-11661
1517
17652
12384
-11937
-19491
1842
-5446
-16334
22255
23709
32203
21131
-2802
4289
15668
32080
13382
-1591
-8382
-39
12378
-21219
3340
9006
15873
15905
-25736
10539
27048
-28138
23762
-9599
18674
19639
-5250
29269
-14667
-20709
-14184
-8731
11818
21683
9015
-8670
23983
570
28874
-6000
24426
26857
23825
-22130
-32009
5160
-13123
3639
11986
21191
-10461
-10512
-19470
-24527
29453
-17415
-29858
-10991
11551
7565
4339
-11054
-14073
20666
1484
2807
-7420
-18103
13295
27358
-16523
-691
5194
-1220
2239
-1988
-14810
-7293
-18925
-31953
-15283
-17246
8580
-23826
32582
-18314
-4974
-12851
-8490
27549
15720
-6931
-26694
14225
5198
-4761
10631
21074
15636
-22862
-20200
-15468
7595
27584
-178
14032
-8914
-29719
-26108
-20749
-26611
-20436
-25683
996
22478
11368
-31729
-12895
25451
18128
1439
-7438
-7617
-22767
17063
15894
-4849
23635
-13592
3745
-14447
29016
11711
32430
19380
-21452
4585
26488
-25705
-187
-3305
2620
2564
2953
9016
21836
23388
-2808
-18490
-8001
-13834
5413
-23120
1684
-13674
10184
18764
31289
18146
-479
-14541
5335
-7399
-10195
11795
-24514
27727
24833
-13475
-21448
30422
-30057
-29769
-25604
672
-2359
-24467
26312
-26066
12911
27923
22865
-4698
26958
16400
-1688
-14688
-15696
32143
-27188
-17352
25118
16356
-28063
15892
145
-18805
-14058
-13976
-6114
7749
5306
23742
-23644
-14172
-18785
-8834
-20619
-25588
-16903
-6281
26843
25395
-3610
-25143
-30064
18320
16964
-20784
30582
-26392
-947
22850
32618
-6348
-6274
30230
32629
-16798
-6886
-20930
-12413
-18607
15280
20235
-5625
15925
-2834
-31677
12789
27884
25857
-29587
31504
-4298
15452
25184
-30678
9628
27373
1924
2357
26781
17010
-30426
1241
25413
14415
9582
-8066
4334
-22141
14469
3224
15647
27867
12770
-14953
8251
32473
13770
7463
-16248
5094
15844
-6457
-22496
-21796
22663
-22990
12388
21432
-17536
-21275
-24
4422
16534
25775
27838
-24126
26014
231
-12234
9437
-24675
-27466
16932
-7804
-9597
-12586
8561
6239
7285
-8735
-11153
-4516
-10825
-27729
16300
30958
23773
13212
3636
-22475
-32101
-21186
25360
-13373
21377
31323
835
-14749
-28894
28343
15814
-30144
29273
11146
20828
11619
7160
18732
-14104
-12917
24322
14491
-1234
-9104
13130
-22972
2571
-16375
3606
28805
22398
-32117
3463
-26709
4170
12266
-31051
-20097
28057
-11916
1801
13756
-23363
-4234
11513
-3310
3379
-13954
-11137
-26024
-22262
1269
19675
2070
-15
-5850
30244
10510
13480
-6985
-19956
-16233
-14490
18056
13249
11794
6028
25744
-32172
29231
30205
27187
29171
24383
-25084
13703
20953
8854
17991
1826
-24286
15184
10172
32199
31793
-29712
17647
3389
-3504
201
25904
-15693
-21175
-9234
-20966
-20888
-24809
-15388
-11540
-10065
-14528
-2477
-31947
-22490
-29591
24742
-23118
25523
-28840
18102
-27331
30942
20080
10563
-2807
18473
26513
1700
24096
-3972
-27780
13640
31093
-24540
25447
15994
22023
-28579
-1503
-4170
-18862
-32274
1638
10383
-22698
-5068
-3779
-20851
-28833
-28152
4863
-25190
32684
-26098
8737
-12323
-17455
-12324
3052
-6265
-31905
-6561
15915
-23241
22245
-14503
18460
-1849
-11898
6949
-31159
7978
-31232
-14463
27664
-29306
-14996
-29996
-13108
13510
1440
3932
-8940
-31085
15607
9163
-12688
-29788
1063
14043
27092
6831
-24116
10904
24260
-16196
30671
8199
-7366
30104
363
24164
14704
-17783
-24370
523
913
-7645
-3422
-12085
-2145
-6749
31351
-1715
8027
2243
29043
-4535
9437
-31765
-14163
-11632
-15458
25123
17926
16215
-6170
-312
23570
8772
3855
-10151
-5169
32293
6036
-24155
13332
-17962
30857
-12806
19996
16738
-27998
28598
711
-1211
-7784
-31999
-7964
-6649
-16174
13016
24675
-22763
-11747
12883
32595
2428
-388
-3673
-18466
-17723
-16255
-20351
-12939
-26847
-24670
31281
-15372
10801
-31915
23007
-2262
-8464
10900
276
16901
-2027
-30639
3882
1377
-25189
21225
-3098
31499
-8831
31846
15747
8505
-24253
22265
-5219
-10103
5023
16381
-22933
-10282
23561
3611
9517
-25342
-10061
-18717
30830
10686
14099
7721
21019
-10151
-32664
-22136
-7968
9832
26004
-30777
-10651
-15244
31321
10851
-24334
-31987
-11245
18220
18139
-20478
9944
11343
-32207
-29451
-12304
-12630
20153
21332
-17281
-17360
18965
10893
-5173
-2404
24972
21414
-15426
14812
26517
-17108
31601
-15624
29185
28154
4527
25882
-25891
8219
21162
13147
20023
-26414
-31517
-24703
25024
-13147
26589
21724
-24645
25544
31840
-31053
-3864
-567
4219
-7488
8833
-1184
-29398
20996
12035
213
-25160
2252
-6521
-20075
990
-26799
13481
-11718
4687
8998
8263
9368
6697
9016
-30704
-13422
15464
20596
14106
-30384
19541
-21625
2639
17840
-27678
1099
-1397
11610
30669
31712
-25124
26007
-14597
9652
9758
-1327
27131
-718
-9900
29568
-18517
-2743
-11211
7580
12381
-12958
-19061
-8896
-17782
-21449
11328
-7459
15698
13687
3491
-14459
28702
-26292
-28636
-4901
-4546
-11254
15846
3331
-16465
-11783
22864
-27586
-24451
-441
29109
-14671
-14708
-20137
5688
-30166
8888
-10913
-25234
2506
16819
-6732
10876
13203
-13803
22104
31626
-25556
-8781
-22610
-19971
-11846
-14937
1023
18214
-16764
-22951
-16113
-28133
25058
-23062
13578
-18111
-29957
-14722
28377
-23924
4073
4521
28591
-25033
-14524
-18377
9565
-23199
-16385
7954
15636
-22551
-18018
-8246
-29787
13701
16552
9771
22883
-13708
31772
4028
-8259
-8136
390
4085
15749
18381
29180
2285
-3671
-27649
20717
-7481
-600
-8927
8233
-13275
29811
29503
-18460
-15608
24367
-5768
18286
14550
-21629
25898
-6569
26152
6589
-27690
-18113
-2936
-2859
28220
-23362
-5238
20927
12417
-12063
-29910
-12193
13363
-29164
2670
32491
2505
12870
-4490
4815
-24806
-28706
25366
27300
-1474
14453
23669
-27900
-1464
-17412
-26728
-7097
112
18626
19715
12136
-32231
-11462
2837
24175
-24239
-4867
-28147
13930
-6777
-4224
-825
-20260
15433
9313
6923
30888
-24758
7856
-25915
2789
27742
-29847
-31662
-5655
7742
4993
-28757
6412
-15333
27282
14960
-30666
19496
19059
4773
-8363
-26149
-30052
21807
20218
21590
-14318
-6465
2653
11010
-1482
19860
29690
15719
-5953
31634
-13812
14927
13995
-26788
15771
-7402
13595
-27978
14528
-31418
-29445
-5298
14007
4065
2007
3052
12205
891
22973
-5184
-5983
-2663
-11815
-27206
-4852
-22734
-7770
29941
3112
-28347
7407
-18821
18865
11260
-462
-22869
4759
8954
-31141
-17167
-18150
-26531
-17261
-1527
-27039
-28159
12134
22640
23774
-9515
-28538
-5758
-22481
-16607
22685
8234
-9565
30998
4784
-27537
7855
26364
32
-27007
-6838
-21115
-3500
-30349
-14542
22528
19784
14072
22369
-16497
-19231
3621
-17036
8406
-14839
22305
-509
-16092
32537
-25183
-1624
264
-14971
-25898
14530
-19949
-8975
11556
2254
-5298
16185
-30861
26064
21410
-28591
-13310
-25583
30968
-17253
65
-2388
-27749
-10683
26698
-17605
29844
8361
29734
-682
3714
-29507
15919
17418
3058
28930
5808
10689
21895
-17958
4925
21466
29220
3480
-30503
23020
9793
26273
23716
-26405
26151
-29684
-11837
-7423
7110
-9600
-18559
-14985
30404
15553
18640
24652
-18577
-30246
6036
13610
29115
-25347
6926
21709
-8348
-24423
22027
-8350
-27809
15902
-1131
13737
-3440
16255
25731
28784
-11251
18689
15988
-448
3853
-31877
3629
13148
-4682
-26066
9546
26788
30732
-24551
-18506
-18588
-17915
-22033
2340
-14149
-26975
599
-7700
22567
15724
-10088
-15353
-8323
6810
7553
19736
-25980
-27566
-10568
-9408
-14486
-13931
20645
2174
-11974
19815
-854
9957
22882
-8258
-1322
330
16215
-12242
-22773
30123
-27067
22806
-6619
25079
8671
-21918
29856
26779
-17937
-8395
-11366
-7681
25162
-13394
-11565
-19486
9658
24301
-21861
17321
22236
5137
-13915
12525
24885
-12365
-16899
29471
-6036
30320
-5266
-30188
19654
11869
-6446
13002
4788
20380
-25417
11038
-18471
3143
9128
2448
8382
4642
-30285
-16290
-8331
-13125
13213
18218
-2950
31306
-29701
6610
7653
12327
7720
3830
26219
1772
-14185
19679
10414
-23047
5914
-17692
23507
20771
26012
5019
30560
26606
1717
28814
-21953
10031
17231
17729
-1818
-5926
-27831
26341
3366
-19099
-14464
26541
-26078
4763
-31110
-26034
4964
-21171
4049
11736
21547
11265
-23225
25137
11030
32747
-17568
-2280
-20567
-2183
7763
27247
-4265
25119
-31845
2381
-7485
-15379
1571
-31634
-32456
-8457
32110
3044
2893
9550
3287
-7179
-10399
23191
-19823
-14227
-10556
30134
-21387
-24650
5303
27947
5919
31810
32359
12242
27591
-13912
13507
5564
12353
30911
-26144
20767
-17288
26442
-21531
26380
15169
7226
4250
-4646
10647
-5173
19960
-18792
24856
-27098
-9187
-31871
-19633
-15834
14385
-13262
3248
28548
22874
29956
26249
29541
-23297
-18770
-23884
-23687
-3998
4682
8811
20239
-26151
-18455
-15877
7224
8345
-27538
27695
10760
-4019
-4527
20001
10307
26991
-18501
-31747
3356
-6754
-15121
441
-20182
21929
-22593
-19801
12746
24014
29634
-24507
-17548
11406
14090
-1841
20044
25686
19747
22261
29505
-20723
-14972
17677
5655
-20795
6556
-4147
-22349
6300
26982
-12887
21757
27213
6993
-25981
13063
-14869
20027
16774
-2129
29687
-5705
-9587
-10570
21487
23787
-6428
-31585
30087
1965
-13752
-2743
-19702
-18092
13300
21800
10437
5523
7790
-1572
15620
-4382
-7369
202
-13966
-14325
2788
12616
-30079
-24928
-26351
10020
12142
-10679
-4170
-20867
15728
-5034
26423
28331
14681
-3836
7055
-22988
-5045
14375
12836
-14341
2867
-12886
-27709
-10141
20355
-8754
9491
32234
19097
-16580
-19136
9629
30710
-17141
-29745
10381
-27630
18658
2304
12990
23887
-27940
-27035
2394
26109
14299
-16306
8376
2669
-23660
-16747
-4176
-29781
9777
23160
-16284
-24482
7516
29586
14818
-16716
-26627
-11861
-27363
18686
-25334
-26043
4520
14225
5578
-24138
9021
30606
18940
15859
13139
-26101
-14800
25003
27953
3719
17561
-15722
25511
-28722
7785
-15143
-22511
20395
19281
-3568
30516
-28649
24815
12380
-25025
-24268
22974
-17070
7213
-18237
-14280
27396
24873
-15000
-11416
20988
14173
-31729
14021
13579
-20197
-29700
27103
-1288
19723
-11280
14596
-32272
30476
20540
-4510
19034
-399
2924
15905
-713
-19393
2438
-9279
-16646
-26729
2750
-31333
-29757
-31933
-25614
20983
-25565
-18925
956
-13764
-30533
2771
10324
-15461
-21393
27359
-27260
-16678
14635
-11668
19182
32231
9243
-11318
17242
32738
14664
-17250
24330
8168
18465
11503
4826
-9626
-1390
4663
-31806
-26300
-2753
16174
3396
12992
9631
10440
6521
-30219
5375
-3755
-9888
-13312
-7243
8507
20845
7514
10966
-7928
339
-20943
12239
11283
32285
28243
30298
4649
-23765
21548
-17059
-17233
25168
4331
16924
18254
-31070
-18440
6278
13364
10087
-13182
71
11537
-23954
-27427
-17870
-24781
39
20478
-22257
-27796
-31430
17371
-11250
-11621
-29795
-12168
-21469
18982
24989
25386
-11662
-12100
-19665
-18384
-9822
-13181
-22117
-24294
11006
-14663
17901
23473
-3221
8185
-17583
-16485
21146
-16284
-15233
22019
-14336
-25452
-25370
8994
15827
-24102
-22919
-10296
21863
-10307
15087
-15989
30836
20174
7740
-2984
30601
-12921
-17757
-13351
23732
19323
-19786
-7200
-22043
-29639
22096
-28042
-29131
-14236
17750
10118
20436
25743
30343
-4414
24258
952
-14176
-13337
6578
-1592
32236
12137
25476
-25427
29014
-5938
-30884
-29290
3976
0
0
