-22643
16823
30654
17490
-16818
-3267
-32297
1415
13816
-26173
5204
13451
28860
24055
-11432
3684
24004
23557
-16195
-17513
-2811
-31671
-10892
24203
12662
-9611
-29533
2859
5289
-30203
8326
-9967
-18496
25282
3240
9795
23852
10103
-8179
-12
-20666
29634
-26072
30779
-22829
-15036
14862
-408
-6115
-21164
-8292
27499
-26777
-8621
-30400
-16184
-31518
8531
32314
-26061
-21506
20066
8137
-21297
10515
25962
-27787
-11387
-31388
22425
-26205
-13627
-13967
-26797
-30063
1251
-28404
14210
6692
28858
68
23866
-14822
-15054
7711
2383
23055
-19308
12852
15174
11619
-10826
-11322
13934
-26352
7387
-20852
31082
-31301
-26770
-2226
-9835
-6206
22373
-24396
13001
-28468
30055
22371
-1949
-11630
26813
7816
-9012
4929
25012
17716
26608
-13136
-31339
-19348
8044
-23176
-7502
-10859
21219
22422
25006
647
28068
27339
-6466
-6823
-899
7339
-8928
11269
28659
-30323
10041
32486
-14033
30065
8788
26764
-25715
-11887
10305
24663
-7956
2256
-13443
5357
16394
7145
-22018
-14157
-4565
3961
-19583
3694
23090
-3375
10221
27772
-19734
29055
15229
12218
-6118
26770
-10683
-481
-8757
-2037
23974
-28479
-18538
22514
-17340
-3221
-2240
30073
6394
-22723
1286
10660
-25469
7811
-17446
803
19370
6812
24304
29315
-14086
-7147
16766
-3979
28191
-28877
17082
-10939
-31190
21689
11197
-9184
-115
8752
21058
26776
-534
-6069
-10349
-21588
-24451
-19456
-6595
9789
-31630
-3387
-607
32474
-20144
-23879
-3153
-19503
-30340
29977
4031
8101
14577
31826
-7283
-12112
12100
2781
24870
13251
13165
-7588
-25097
30151
5728
21406
2237
29204
-14844
-7765
5273
-31859
-6427
-19454
-29906
-32570
-18
6236
-4966
-15033
-10634
27543
-18496
-14651
-17094
-25293
-26898
28103
-21715
-3472
6070
1680
7066
-5322
-24671
-13470
32580
15600
24460
-24095
4782
11859
4229
6830
-20211
-29746
21996
12002
-29017
-14463
18891
-12582
3903
-16176
-13633
10129
-14163
5652
19847
-11053
24642
1025
18361
31738
9501
31782
-13418
11798
4969
-6798
7069
-2075
-11841
702
2054
-21597
440
21966
-9898
21792
-16570
16565
16756
16293
9656
9876
-6092
3432
-5818
31387
-15126
-9085
-12365
-17291
25363
-1907
1553
-30692
27845
-13527
16767
-21318
-11044
-30657
2967
-26282
-24064
-957
2159
17610
12838
15045
26417
-11917
-14930
-7314
25104
-3616
-4598
-15694
23941
8164
-27600
-13636
-16436
4683
-27466
8371
-25087
19254
17354
27294
-18835
-24944
-9026
9004
-16340
7223
-8716
1503
-26964
-17069
17749
-15661
24881
-3644
-27325
146
-12998
-5554
-29486
30582
12384
24141
21448
-2744
-4196
-14378
-10602
22389
13376
-6254
1046
28585
13777
13200
28451
27301
-16875
24294
-29119
-19977
26316
28041
-20785
20786
-6882
15964
25320
-24022
9534
-14225
12036
2999
25239
25208
-21756
-23463
27085
-17809
3910
25308
15044
8609
-26609
-20966
-16617
20211
12618
18207
-30191
-2863
-27326
7461
-14334
6470
-16404
-6931
2082
10868
-10235
9272
-18226
-9934
4384
1221
-2104
-18074
19092
28335
25628
320
-13002
10445
-12234
3327
6045
-24932
-16378
24844
-4063
-6956
8667
4821
15991
32705
-9017
26324
-10475
-25809
-24666
23150
30293
6932
-31084
2583
-30063
3996
16658
-5655
-12021
-10149
-24125
-6549
-29438
19639
14276
2154
-1965
802
-3084
4067
-18094
17324
-15638
-14423
32130
-20301
-11386
-9000
13122
3652
8875
-6135
-21346
22701
30164
10275
-23163
16139
6218
4072
3095
15357
-4327
21470
-31455
6068
3255
-12300
3281
20882
9529
-13354
22239
4728
-21598
-21417
-13221
574
30033
-5844
-11100
-32466
13994
-12777
-17882
24765
-14524
18048
-17943
3128
-16474
-12654
-32682
22701
30039
-7495
-3111
32695
15876
-27259
21499
2750
-12595
-22656
11018
-20006
-30946
30157
-8517
-21518
28367
11541
22776
-32669
20400
27153
-28733
31564
9240
-31670
-18539
-15898
28742
-3961
26090
-2309
-31849
-22522
-21269
-13780
-21230
17203
10234
-13290
-16995
-9602
26352
969
-2271
-13661
18225
-23410
-9182
-1834
-27660
-27326
-9729
-22514
27597
8118
8832
-12397
-6082
-5899
-21844
-27028
1253
-23790
-1865
15780
-16527
20968
-12670
26254
1938
-27284
-23036
28052
-32548
24037
22026
18810
-32378
-6298
-14449
31580
-22253
-15992
12534
2971
25441
-22036
11523
-19394
-7971
23565
8081
1000
-21177
7036
4345
23017
957
17185
11112
-25654
-20546
32612
-21776
-24775
26236
11402
-14285
26624
-6036
-20478
-10584
-10702
-10395
23394
23701
24307
17790
17050
-11148
-9454
-16107
-5926
14379
5132
29253
-28662
22945
-29219
-20101
-24784
-27388
-5997
-5141
-364
-10149
7945
-14491
-22335
-22643
-12683
-19416
14838
15151
6874
-29142
-1171
-6127
-19341
-3482
10850
-9575
-28277
14390
19478
30776
-5817
-9049
18068
13686
-22305
-2667
5729
28543
-12743
31362
-7126
23007
2024
-14488
-16756
29397
-16348
16639
5751
5984
15772
8711
25191
29353
30373
-22500
-7326
17240
-4788
-26960
21721
22114
7490
22297
26080
-6044
-14246
-10338
31341
-2934
-14617
-14979
-32462
-545
21888
18852
-29853
25922
24238
-29294
14011
-7987
-12308
-6742
-10580
13462
8848
-30622
-19920
9146
29509
-7685
-25191
22935
23740
2098
18590
-13757
5422
21481
14612
-29014
19262
-7279
-13652
-24299
4566
-11478
4396
-2987
1431
-13044
-12283
-8157
-27912
5935
12363
-16703
4301
-4513
-20027
18411
-16650
28700
15498
-11788
-31157
-11292
28215
10382
-8534
28244
-19707
-6980
18874
-30744
-9646
23331
14807
-737
3398
4728
-8936
-31858
-11088
-2696
9374
31376
128
-19336
9192
24067
-5782
2719
-22548
-8039
-1757
3789
27229
-4236
-29440
-8538
-31695
25289
-24519
25484
9770
-32690
-31723
-12885
25695
-29495
-18341
9904
-20452
-19636
-3216
26662
-12396
-3943
17993
-29400
-22032
-16411
-9109
-15758
4098
27194
31682
28627
-4432
-30379
-15694
26428
-23442
-28913
-236
-3067
26652
-21248
-23493
17283
-21521
11409
1575
-20394
19446
-7311
27590
2062
5035
7210
4636
1193
18469
-24873
-5662
28576
2377
22363
-21113
24527
-17473
18259
14589
9582
28706
2844
6041
-8035
32019
3332
30851
30010
20339
20042
19432
-28119
-32237
31310
7567
-11035
-7708
14202
-6746
-25632
-17935
-31017
18381
-32653
-30660
-11091
-15179
17933
-13308
6364
19296
-22552
5514
-27711
2265
-4394
17491
-21844
-30911
15147
18309
5815
-6162
-19947
-30721
1995
-24707
-19014
7580
3529
7092
-10400
10503
-26713
25256
-20959
-11797
25332
-332
10164
-10849
-16200
-30450
11605
-26739
-12315
21460
-30003
-11997
4477
-1337
-14097
24482
24457
-24023
-12753
31961
31543
-24628
-15998
29991
25040
20294
12502
427
25888
-15137
26242
-19691
-28202
15125
24232
-11041
17468
9372
17314
22941
15017
23115
392
22749
-27599
-21482
2286
-9119
-30271
6220
-15114
-28441
7570
3422
27452
-8188
21022
12535
24159
-17618
30954
6996
13754
17615
10970
27338
20257
-22710
2745
30994
-21739
-8507
10577
-4867
-28155
5192
17679
28456
21573
-18338
-18709
-22967
-27863
-1400
16224
13456
-26009
-21817
-14732
-31775
1778
19403
7316
-18141
-20725
-27762
-13255
24760
-17672
2110
19976
-15789
6661
22007
4601
2620
23855
19706
-2850
-5582
27701
11007
8576
29244
-4674
31064
-27163
-16331
-1094
18468
12997
7715
5468
16313
17302
-27375
-28106
4704
1358
11897
-7348
-27491
12129
-22697
-22074
-28883
-21645
-3137
-16056
-8159
21817
-1583
-27238
27940
-28750
-15602
-10497
1032
15173
-19227
5723
-7879
2550
29848
11427
-20457
10994
-29061
-17327
6586
14549
5177
-3421
-18877
-20341
-31258
-1966
-8458
22751
12452
25002
-22393
-18517
-3555
-24408
22539
-1770
-17742
-27443
-25563
-14756
522
13995
19816
-21233
-11684
-21639
-12358
30882
-14366
-24872
-10271
7439
5225
1189
-18570
10870
27691
23809
-8573
18862
-79
15777
-3160
-24184
-14939
12502
-19872
14905
-943
-22644
-29980
16748
5915
-28805
-14856
-9472
13049
20008
16057
28760
13873
-30615
-2932
-27719
-11027
27240
-20045
30270
-32597
-11132
-10
1568
9877
-18779
17568
-24198
31520
13328
-22175
-8283
-26126
4509
29680
20620
11570
8825
-3130
1731
19969
-2396
-19853
19463
-23034
-1205
-7797
-27804
-2040
16139
-12809
-11028
-17341
26834
-13596
15853
-32422
15766
-24822
20785
-18825
7076
31941
-10940
10267
29827
-10398
-17539
7860
-11875
6049
29368
-24707
25763
-1838
32391
-5855
7252
22122
-28761
8569
1159
13270
-14538
-19924
-29344
16420
20614
-22341
-24652
30540
4695
22272
7527
-7644
-7402
-8954
561
29908
-17890
30609
-19562
-25402
-11799
-8356
-1376
11167
22063
-23851
-23147
30489
1497
-4418
15755
15993
17444
961
-2807
16712
-4682
17694
26773
-27657
20394
-2219
7291
6934
10285
-12969
-30915
14698
-24046
11015
32665
14322
-15747
-20142
-27861
26046
26941
-5548
4976
