21518
17373
-12254
-3026
27786
11934
-26907
-15754
2708
-103
-11943
-24365
25649
4610
-18640
-19527
-19202
-14185
23558
-10453
-7062
1988
18735
12742
-16443
17456
29432
32475
27702
-22104
15054
-16514
-22149
-27992
-8778
1105
414
13657
-951
-12151
15473
341
-3313
5050
-1302
-14679
-3060
21030
13898
24826
4451
17989
-23638
13148
28099
3426
-3724
17615
7334
-10094
4139
-30959
-1327
18450
8971
10945
23588
-24903
-26731
-21693
17629
-3165
-1860
26323
-12505
-3785
-24475
11213
-12193
15968
5601
7299
21803
-23211
2819
9922
-3067
-7600
25266
-29951
-16344
18775
-30090
-5146
-31250
14724
-2830
19460
10222
20861
-32504
-3056
1864
-19845
19415
17692
23193
-14641
87
-19036
-29926
27124
25916
11210
-3340
17317
-17341
16915
27610
-8431
-26448
23305
-2348
17336
16780
18371
5413
26460
24602
18098
32454
6571
-30295
17591
-28546
-29803
32414
28983
18201
-11803
-26582
-19273
-28495
-751
-12972
-31646
-17297
-13428
-2476
-15416
5243
30609
-8701
23923
-27539
23842
18790
-24606
27027
23556
-15346
-4336
-12174
-27274
30447
-7317
11198
23747
2522
-3849
16288
-2825
10018
15894
19313
8729
-3024
-31972
29210
12089
-2304
-30605
16676
-10048
-6727
21275
24259
21440
-29836
22931
27378
23139
-13607
-22356
-12782
-9677
-315
-9560
28444
7806
-1617
-8557
29695
-26850
-29469
9010
25190
-11269
3609
19506
-1751
-25061
16511
26759
-21171
-6437
-17872
22838
9329
12457
-18163
31643
-9766
25284
-32586
21730
20179
26599
-31871
12683
16039
224
-8289
13894
15440
-3454
-11446
-30642
13813
5669
12475
-13418
-30102
5154
-28023
-28927
-27364
-31735
-22229
-20278
-32125
-24996
14659
-5033
-4953
11717
-9038
-14768
-29844
24524
15683
15812
-8587
11415
13274
13840
-26930
-29212
29523
-10933
-9217
1801
-28734
-7111
10504
-18232
-32506
-12052
7221
15698
-22085
-3726
21161
-10285
-4403
-1628
25850
-17445
22625
8652
-13516
-13321
-19520
32179
29722
-31430
-28475
-8371
15938
21873
-3189
-1673
-10482
20238
1305
16409
-15682
26781
1246
-29019
161
2398
17999
-13968
28972
993
9417
-22423
-30070
-12281
28564
-14366
-17590
-10960
1131
-17596
5390
-27062
-31437
21146
-17448
21569
29115
13130
3031
4304
-30361
-22859
-29726
-830
31927
-10949
2094
-29450
2375
5916
-6825
27205
1228
23472
-15753
32599
10016
24644
22118
-596
874
15406
14976
14203
4619
-10714
-12313
-16557
-6982
10919
-741
3108
8334
16886
4063
13944
2999
20154
13798
-13128
-25345
-20146
-15317
12637
22892
-11820
12590
-16125
-23251
-4480
-21863
32713
-20219
-20507
5108
8873
-4343
-17007
18393
-29037
25749
9495
6507
19398
16194
-27138
1689
15437
20392
-11412
30928
1245
-205
9900
9748
5131
14049
3489
30943
20421
8084
14024
12561
-12321
13333
-73
-8980
1340
-7854
23337
-14475
-31122
-7272
-25116
18974
-2926
17417
12297
-15095
-30820
-32577
11335
22747
21180
10978
-7170
1052
11393
-3042
9230
-2024
-27337
-27884
1508
9164
14550
6395
-18285
-18510
-20040
10737
-25917
31458
27441
-875
23770
-6814
-6861
18787
18775
-1418
-20654
-25987
-27433
-22407
8737
12644
23946
-22726
-22759
17326
19062
20264
-31263
-7724
-20407
-30165
8599
-9620
-10741
-10126
-19055
-17500
18226
24670
-27751
-9009
-29981
-8038
-31296
-9971
26874
-29441
-12338
16598
-22228
-14281
-14451
-17898
20043
4112
14227
15944
16624
18485
16470
-21373
20731
-25431
23239
-24658
-1968
-29353
28341
32550
-1438
-15047
13836
-20635
-23819
20655
30329
-3760
-15760
3655
14665
12365
-2217
12356
11205
-12262
-5974
-10082
-12561
15283
-29507
22371
15517
30299
-29298
8329
-4996
-11649
827
-29553
16205
23403
7762
-15144
27711
8778
9972
27546
31170
-29602
-9794
27552
-21981
20104
-7923
6455
-15455
-11800
-17864
-15557
-22625
15116
14513
-25670
1600
-22873
5174
13283
-28306
-16296
-26162
20764
-432
-19333
-14123
-14489
-18190
-4319
-18700
-6838
26976
-22937
18662
-32737
20954
20111
7213
12771
-5090
-28345
9398
13384
-25863
-13516
27482
-22298
7313
-30232
-31312
-2410
-3505
9511
11148
809
-9756
21038
-21234
-5211
-11231
8254
-13587
27258
26367
-18779
8293
-13686
-9146
-23146
-5485
8146
-31634
-3197
-25123
-28835
-29729
-285
-14777
-20092
5958
-16161
-20321
-19748
-20455
-22895
3681
29490
-3447
13072
181
9320
-20702
21100
-14777
21593
5545
-7980
-31247
-231
4372
-10939
24773
27708
-29203
-1455
-14326
16314
-21830
26991
6664
-18845
12725
-29243
-26783
13323
25543
2454
-20089
13351
-30621
-7167
27826
23265
31546
-12312
14489
21576
12116
14104
24207
16801
-24810
-24638
-26797
-276
-29348
-19538
24454
-28850
-31267
32096
-13397
10385
-20620
-15532
11402
-22088
13735
3383
-23171
27163
-26643
13539
12716
-29604
13223
-28094
18414
30578
-9707
-14827
-17332
30630
-31332
-25691
-24904
3881
-9997
-30425
19375
5662
24927
10446
4171
-31425
-1950
8040
-13813
-32057
-15683
-13336
12927
-16124
5745
20007
-13471
-27385
10385
-22107
-4027
25869
-13810
3985
29722
1985
-6930
-24987
5938
-5916
19131
-2983
7859
5621
9817
7419
652
-31007
18350
32176
-29500
-23602
-27296
-9811
-23005
3227
-6102
-24128
-5460
-26569
-15451
24625
25191
-1757
32286
22505
-11258
32367
-24833
8958
-30648
-5650
5224
2733
7670
5556
-25330
22242
2111
17919
17173
17928
24331
8212
18660
28209
32670
2770
-18753
-14453
-28362
7025
-10770
-30775
24250
31649
-11710
-2520
22835
-11089
26227
-5142
12292
10550
15688
3965
-11066
7775
-20662
11226
13101
-7369
-10482
26121
-22552
11901
12236
7648
-27744
-18754
-21899
-16243
-21858
-15441
-22009
-6781
-25033
-10507
21934
6150
-31496
7214
-20526
10072
-17619
3561
-3693
11940
14609
19486
-22102
-4103
10425
-23409
31374
16732
4707
20199
-14277
-29743
-26907
17707
11506
12300
13836
-7719
27905
-1591
-9670
25335
-15116
-29260
-30357
30731
-8657
-6765
-5500
28808
-11036
-9573
-18667
-22799
-18872
4514
-9115
-11488
15470
517
-12288
-8074
-22063
27648
1920
24787
-10743
3977
20272
-19130
13730
-15845
9021
22883
-28795
-31129
28031
-17669
1734
-15791
-17587
-7296
1177
15588
-32386
18713
-18414
17670
-19314
23668
-26618
18293
3833
-537
31918
20536
32294
-22232
18802
9567
27404
-19276
276
-15675
26246
20401
6092
21963
-28391
-27984
28822
26047
-25954
-31569
601
-12162
-30506
-24652
-26118
9447
28537
-2396
-9757
-6655
22368
-23803
-28759
-27841
-25961
-18197
-14880
24005
13428
-26379
16376
-6213
-15839
-13532
-17408
3153
29114
21329
25471
-28533
-18197
-8277
-29361
11217
15778
1729
-31159
20957
-17411
2857
30794
19030
2587
14239
6854
-13837
-29784
12978
-16865
-30553
-19270
-10381
5100
-13564
-14531
-25822
-10648
30438
-4271
-28063
22275
31448
-22488
3621
4978
-17306
-31548
30232
-5108
-29871
16623
-9054
21349
15975
-18666
-11281
-31538
31143
-23182
6176
-6784
19244
-7963
-16068
23266
-3669
3601
-24882
16820
4982
11940
31423
-20106
-21845
-31635
-10433
31876
-46
-17647
563
-23381
15719
-4307
-13241
-7873
-23586
-4594
11709
1915
13988
-27176
10154
-7421
-6340
-18250
15411
-19684
21443
-31654
30998
30930
7359
-20728
-4861
-29833
-26578
4462
-30036
31822
5198
-12123
-22352
11188
4509
14451
-11566
20653
5900
2132
-17350
-15721
-4157
13402
-29666
-30939
17898
22444
21805
20137
23471
7848
-12262
19217
-19906
-7923
29991
-711
-5324
-24055
-16267
-30354
-15688
-31906
-17649
12143
12965
-23738
-15795
-10897
3706
29959
31190
1584
4080
31603
-7659
-15928
-5927
-31465
-18175
32315
-2449
9984
-16263
-29811
13941
10159
6078
23738
-5712
20790
-18401
-7981
-6357
-6722
4235
32569
-23259
-4209
-19484
576
22898
-16853
-32226
-22018
-1312
-20849
-25805
9946
-24285
-3150
-7473
16463
-13655
-23307
2781
26316
31290
-21778
7089
-2888
-31874
-28709
5764
-331
14056
12724
2797
28064
-25784
-24868
-20033
-3119
9109
30827
-21010
16525
29169
-2123
-10277
28268
-29118
-23669
13932
2889
-4266
-19349
29549
18891
-6678
13137
8703
28624
-32709
28801
-3222
10939
-2557
-4007
31350
21063
132
-28189
-32361
24794
17041
-32268
-24844
-14751
24467
19175
8610
9550
-5202
-1686
-25164
29817
-4380
1537
24598
-12992
23661
-4122
-2543
-32461
-29934
9813
-17927
3667
10997
6056
13633
21026
26336
3329
-19408
18884
29470
-5440
32298
22918
31038
2954
-25608
-17488
21995
18579
4213
-2988
-13052
6332
-25936
14317
28249
24484
-18102
11226
25713
13040
-1200
-28311
-1016
2592
21370
9180
-23931
-12101
-8949
-27616
31521
24373
-26232
1805
-24551
-30567
18545
18546
31652
-27327
-10392
-16690
21903
31376
25816
16795
14562
-2241
16926
-2450
-31776
22745
9795
32008
-7466
-22065
16481
6567
-16764
-4685
1057
-29906
-11528
-8297
23231
-25143
28006
20254
4667
871
-24856
-14752
-18125
6746
-9428
-14942
-30089
12997
32091
24050
2514
26145
-3577
24174
-7572
25475
30121
12628
-6500
-27446
-5190
-27340
12204
3554
-12329
-28712
-4102
25740
30598
31612
-29132
18807
32140
-762
-16393
2363
-4172
-13855
-1971
-17067
-20071
27401
-8746
-15238
5407
12114
-756
-15632
17477
23152
-14283
-23398
-3615
-30237
-26429
23278
31291
7015
20249
-15858
-3756
21441
-2605
-7157
22243
-20357
-12053
5006
11166
-4711
27630
-11041
27005
1222
30667
-29335
-31437
-16533
30086
-7057
-30201
-23765
25556
-25608
12112
-22838
7040
-14645
-29101
-15400
27066
-18692
16009
24569
-11872
13459
-31708
-1667
-11816
-11553
24797
-5880
20318
-17863
8283
-21578
-16594
-16412
15903
1735
3484
24823
13473
4614
19809
-28474
-30374
22843
29228
-19349
20340
17888
-1416
24490
11445
22858
26738
-24468
29731
-19463
-20884
-32256
-26781
19439
-1994
-4501
-3377
-30505
984
8404
-20512
26507
8088
-22545
27512
3798
7595
3030
-6903
-27462
8932
-31927
10479
1831
2960
25531
-5786
-4735
-28482
30669
-9051
-19663
-21846
11292
18176
-18512
-32627
-19144
16416
-30475
-9865
-410
10083
15463
26778
-4102
10448
4931
-201
-9218
-8042
-20938
14145
-11133
7815
20551
24164
-1606
31380
4817
17461
-11055
-26065
-26710
-144
-19853
-9644
-10727
-28658
6727
-28170
18838
-28640
533
2310
5166
-7241
-11442
16981
21347
-25568
-22297
1571
-17997
-30810
511
4396
5076
-23858
-27621
19212
-12132
4911
-17750
408
28575
-19393
14075
1319
-4411
31401
26655
-31811
32464
-13404
24753
-32599
-20904
-10760
-27374
29712
-24095
9664
-19834
8819
7860
-7876
-26449
21095
-12855
-17418
15938
-3464
-22994
5036
-21052
-18307
28660
-30339
29329
-10268
-31057
-20079
-14998
-18485
-6658
9376
-6332
-21164
-326
-8348
15540
-9273
12392
-23990
-31727
19722
-24055
26334
-21543
-5145
-30013
20900
-23147
30355
24629
-29466
-5469
24073
-18219
-10021
-21111
24263
16350
-22159
-3301
20065
27132
702
-2752
-8691
2309
21647
13105
-17322
-16882
14610
28972
-14235
-24597
4528
-9363
1039
-29463
23847
-15031
-5067
-6161
30406
11320
12064
-23434
22502
8021
21458
18600
3384
22139
-4658
-26996
3480
-1564
4822
23580
31113
-8113
17000
-2156
9963
-574
-11503
-5573
-21366
9099
21912
4566
-19393
-12981
32494
-31139
28427
7643
21655
20105
-3546
-4794
11556
-4295
-1318
-16372
16130
24487
23225
-13624
9335
7510
13577
8255
15209
-27645
15262
14105
21847
18315
-271
14360
-20318
-18500
-10253
10593
-17912
-25979
-19368
3700
24181
-17588
-8419
18959
151
14904
-5773
-20462
-21937
-32163
22603
-4565
-32683
15551
-4341
-17022
13261
-13551
10981
-20745
-14727
-1403
10275
-870
-16559
-24902
29039
-25906
14640
22328
15735
22194
5884
-25277
11202
-11612
-15548
-11716
24218
-6142
-7593
-30476
-10174
-1109
-15685
31667
31388
-6404
16634
-7672
-30592
19449
-32202
-883
10533
22800
-290
3576
-29778
-26127
27010
-13897
20578
7561
31043
-12320
-3725
15138
-28022
16782
-25220
19788
9238
-13618
19374
9492
11327
-25868
25877
10736
9492
30856
-23408
-28719
29214
31677
-18281
-21014
2393
27717
-13712
5245
-15711
10196
12060
17791
15205
18465
-14035
-26251
4194
20964
29885
15912
2660
7692
-12406
12261
6872
-987
-15028
-29449
7894
29088
-29767
-28469
-5403
-12283
-16610
-20526
-17293
8820
19746
10861
-481
-24623
-9821
15133
2435
10343
-15536
12527
-27849
4544
-4096
27919
-20245
-19523
4715
16772
-1240
-2584
-12540
-1179
25295
-3590
-12923
14585
-29180
16743
8727
32019
-10138
-16962
27383
-10779
20428
-30130
-14578
13616
-22111
6158
-12760
-11093
-21680
-249
-1410
2576
-4906
-24604
27925
27040
7100
24436
3009
-28253
-28372
-15592
5360
-23719
3853
3754
167
-14153
-15400
-29448
-1938
2952
29190
16184
16170
-24805
-14122
-22764
-23502
-16960
-14527
940
-15841
9954
31886
121
17359
-30137
30229
-25274
31627
17454
7546
-2482
-180
3837
-23017
1187
635
-19686
-18525
28602
14065
28894
-13506
-27229
13182
-15439
17203
-9176
-19899
-30402
-26529
13627
-5206
-15116
-22254
-28217
-12346
11621
-23688
-13465
-5852
29181
27890
-21484
-9040
-22895
51
-5383
25292
-10639
24706
2502
22856
-15330
-25323
13398
-5474
-30784
-31883
-19097
-9236
-1609
20088
3168
-21790
-15130
7264
-19051
-21404
13741
-22509
25508
15409
15915
-25249
-14665
29426
19059
-4716
6254
-15515
-18546
-9880
-3567
3949
-27825
5240
17878
1699
-2720
-11939
-11880
-21844
-14120
26153
24423
1729
12191
24286
21418
-30802
6022
23457
6145
808
-24394
31254
-21680
20549
-12245
15914
-18394
6462
19015
4536
-5224
-31516
-7592
-10849
-3436
2148
-22545
18679
-18877
-30138
3998
31274
12108
-777
19715
6724
-7523
-25441
25868
20517
-9046
-10255
21956
7938
8809
-22059
-12194
-14416
-20504
6268
29868
9853
-29972
-12423
-4646
-16973
20479
29801
584
-24044
3163
17774
15232
-20955
6139
-2976
-15581
13789
-1961
14548
-27620
-3517
140
17683
5346
31673
23271
15465
7059
-6409
-32567
-30571
238
19785
-32115
-26670
28894
-1650
28774
27685
-3105
29458
-25843
-23827
-25161
486
-28815
-9893
9788
215
-2315
-25806
-25856
17021
14089
-18943
-3690
-29033
-16935
-24517
-11668
30776
-1793
-28778
-17090
1074
824
-23148
-20514
29989
7536
28273
20374
-14892
-29753
-18061
27888
-4578
13139
15507
26180
-2425
29201
30125
16947
-7251
-30949
-23848
-11497
27933
21049
10922
-16540
28368
20323
17674
-5346
1509
13382
7823
-22811
-4577
10913
27794
13019
-17778
-13252
-23363
10844
-30525
19253
-1969
-26344
-32337
-23062
-14063
28150
4592
-19105
1569
11642
3682
-26781
10979
-11865
-17712
-27425
-1631
1002
11817
-16016
-18850
-5301
-21935
-11337
14753
-28783
18830
-8893
12941
-21775
29204
7698
18614
-31421
5465
1617
-1927
14139
-9741
-1508
-2677
24007
6546
-26454
-32170
-25909
-11765
-27736
-10869
20805
-23078
-11783
9729
-1527
-2997
8350
14531
-13493
1881
21290
29342
8864
11522
-22252
27481
-17373
18798
617
-5133
-240
-25262
3887
9416
31383
26084
-200
18128
16116
17319
-19531
13124
31693
19720
15154
11543
-3087
19314
3574
-16724
26644
15205
28380
25250
21240
-26603
11859
5005
23230
-21724
27592
-554
24699
-15684
-21544
-7587
-3189
-25931
-8535
-7818
-21013
32421
18540
17080
-13361
25052
27610
-7598
-21868
17925
-10616
26864
8085
25110
24853
29810
-25825
-1759
-5353
-11754
1107
6747
-238
-10768
9248
-8450
-3055
20927
-13
18081
-15983
28797
23699
5685
15275
9010
23686
-16598
-26375
-667
16012
32607
-25966
-2166
-6831
18394
-28899
-31133
-29528
-11785
-30789
-23109
2898
24231
-1653
-20217
-25317
27842
14398
-14367
4059
4902
-1524
13813
-21583
-5627
6665
21694
6709
-32134
26822
-11670
6675
-8357
-4046
14395
-465
32588
31642
24836
-13054
-19897
25559
22922
14438
-18048
-13280
-21819
-6953
-30321
16706
-14069
32192
3393
6437
22163
-32455
15226
-28343
-17469
-31583
5809
-22760
16587
19495
-21143
25405
-31113
21073
6163
-23243
-7041
-5274
-27454
10600
1246
-14453
-6058
-14938
12665
29934
23202
-25911
-1939
-18430
-30893
-8251
27939
-25338
-31367
-3238
18596
-18617
16155
-14862
-25524
-11860
-30199
24463
10492
-17794
-13913
-31055
14419
8202
26594
-16237
-20365
31977
-20414
13877
22287
27113
-6282
25932
22098
22900
22603
-870
-11482
-719
3727
-21101
-4684
-3026
-25490
11056
-28546
-6800
5620
-19816
-24056
-25928
-14360
-24303
-30174
1284
30215
8797
-444
28653
29733
-8471
-17401
-5989
26388
-18104
-27290
-11890
21362
-8506
-24197
-9746
-29903
31963
22519
15962
-20378
-11478
-5515
21085
2269
-31023
-23595
26589
-1425
-8540
-19623
-5878
-28062
-17010
16660
-10801
9100
29723
-9270
10758
3435
-29960
-19911
-18542
27134
28383
31066
-22772
11483
-28253
-11136
12405
1451
-10361
-3026
-26829
-6466
17032
-27115
-8442
22566
15280
1910
8273
-8121
18114
3393
-25557
-15742
28703
18928
27857
6326
-31913
12243
-24768
-16367
21711
13930
-10925
17563
-5935
-11020
1965
4877
-32242
13513
8521
26130
32582
-23994
14473
8199
-9740
21056
2467
15217
20070
-24370
-30250
12067
14215
-21556
2992
32355
20703
-4217
-2248
-8684
-18757
28477
27459
898
-4319
-18824
-15428
7698
-10565
-18864
-16161
-24331
-27985
-10429
-6163
-24334
30384
-26476
-21916
29429
-17551
-6605
-6816
-22925
6848
-26712
25820
10471
-25030
-22486
32245
-17888
-10910
-24724
12982
-19157
5631
31355
1946
-27120
-9282
31827
6373
-9005
14560
14141
15541
24564
-26423
-4447
-5026
-26501
-15680
30785
18444
-11504
11197
24076
-29296
-28933
-13773
-8562
24789
2650
14525
21653
7985
-17464
-6125
-421
18339
30355
29443
3881
-27111
1146
25000
-17841
539
