-17930
-3873
-21471
-31957
-17269
-24537
-32116
31153
14306
25320
-31096
-29085
22284
12119
-14169
30678
-30876
28992
6282
23187
3281
-14906
4102
-2976
-5985
3540
-66
26953
-18969
-2439
1002
-5440
3144
11227
-11216
-26597
-32266
28258
-24631
3151
-30439
-4128
4471
29095
11718
-8909
-25687
-14267
-15919
16379
-30021
11971
-27898
7592
-17778
-11752
-32570
-10854
17562
28594
7229
2917
-2001
-17354
-18378
-26298
11721
-8810
20964
7886
-25704
-19247
-31602
29666
3865
16334
30702
-3779
19944
32197
-23882
-19901
-28562
32111
-10295
-12093
-12136
25149
5672
21702
-27703
17172
26012
-14992
-14830
9663
-24988
-24754
-22576
-15696
-745
-1813
-2788
-5716
37
20268
24651
19510
17881
-9097
-26967
30592
-29651
-14375
8453
11571
31942
27525
-559
8830
-14292
15271
-1223
-30111
-15657
-5554
-24334
24925
-19257
-16384
-20119
-21548
-14309
-15317
-21127
13067
3148
-1902
31323
3407
-14602
-19870
-9227
12631
-29390
24602
-8040
30413
23581
24521
20489
-8820
-28095
-17098
-10408
7270
20963
24394
-2215
-28464
12183
12204
-23764
-27101
-25431
4594
9001
16776
4126
-2862
-12151
16978
-15331
16758
-3969
19639
-30821
-6000
-8889
11914
23699
2965
-9056
23815
-30568
-3480
-14320
32610
19041
-103
-29780
-30593
16034
-12649
9877
9304
-9489
32515
21594
13266
-22341
23333
15185
-30218
-2669
-23137
-25211
-18319
-784
18733
-11720
-20660
-32001
16678
5089
13135
26838
13781
21989
16098
29460
-22379
-12266
17964
-5205
-18791
-30449
18031
5802
-29948
10990
24390
-26370
-6992
-14867
-8452
17205
15840
25711
-16488
-27207
7374
26095
9007
-3854
-18634
3610
15130
-5188
-19167
17352
24004
13562
-10866
321
-18290
1657
-20435
15012
-20217
-31794
-2706
3784
-20953
-15069
-5661
18042
3895
-5512
-6089
-22639
18949
5790
27941
-8461
-8120
9857
-4719
-9224
3901
29860
-7268
9918
-19989
-14510
6455
-8753
-11369
30
10372
11169
440
-2228
-3594
-10878
-16954
19127
-5156
15781
3376
-29028
-14316
12104
25542
28723
-12734
30217
-4175
-16643
-5829
29359
3761
-22378
26213
16809
25567
-29542
-2860
10943
-22091
15356
674
22241
77
-14776
6694
-20241
-6759
-1549
-4314
-5786
-7664
23400
-6616
-13672
-8281
5580
5146
26774
6126
4171
7700
-22469
-17375
25524
25418
18996
-26897
-17384
-9186
-32476
24590
-18795
22012
3959
5798
-27269
28631
27345
-5869
31084
-18461
2744
-13006
17006
11890
-8706
13032
-9009
31176
30568
-6858
-6794
-11244
-2731
-25366
28440
1590
17835
-24621
-26342
-12375
-16211
-25571
-9010
1771
-25603
-6930
-15069
-21395
-11366
-14954
-25474
27338
168
11572
27213
1294
2845
-16329
-14118
814
-29605
19405
12903
-20660
-8098
6212
8963
-26481
3216
16183
17499
-27838
-12361
-22503
-2949
5472
-16979
-7670
-17428
-16404
-6971
544
2772
31237
-29520
6252
31546
4904
9837
32232
-27796
27158
26253
-4428
11074
18204
-32531
-1474
9941
5565
7190
17038
16684
-12285
17622
2553
-18187
5885
-8343
-923
-14762
24503
6567
-19156
22630
22237
6422
11286
2743
-32207
11710
-5200
-5279
31627
29275
-23741
-13239
3330
-6465
8164
-32662
-3879
-24286
-11308
-31285
-26160
-13916
-5918
25995
-10998
-28109
-3188
22106
6592
-20914
2563
27139
9910
-12121
30678
-30069
3375
-26717
-28600
-30744
1559
-28171
25875
-9252
12161
7572
-31683
19966
9971
31128
-20591
17404
-9003
-20230
-30464
-23435
-14727
10268
-10765
-5236
30212
2828
13834
28183
12806
19127
28652
-7126
4417
-29646
-26738
-12648
-23970
21157
-681
27163
-1679
24501
-26972
16165
-11943
-21988
26181
10154
-22270
-28304
3484
-8849
30395
11090
-5017
-21195
-1838
-21941
27952
-14277
10057
-9754
9912
1728
-18537
-15388
29292
22533
-4664
22129
-21569
-32090
-29077
-16210
-21198
-5327
12272
-15306
-27211
-10116
19696
2923
32163
26761
-4679
-31220
-862
23124
13300
-25270
-11817
-32762
-7729
5360
-10707
-28065
-11743
20414
-18864
10700
-29500
-21977
11740
20150
22933
-29177
-21033
15016
-18187
8080
-8404
-26484
2593
18293
-17445
26102
-22202
-14545
9045
-4363
7681
1309
-2459
20315
18462
-12179
-1268
15151
-22837
7594
1706
-14591
25778
3366
26052
8446
17508
-16794
-23286
-28836
32022
-31565
-27393
11235
25850
428
-31065
-18831
-13868
4645
-24114
-32078
29894
19004
21967
165
-7784
32018
-23703
-9010
15322
14891
2662
-30047
-32485
18593
-12280
22761
29981
-4823
-3977
-1083
14321
-30143
29041
-7093
1655
2891
26797
-10056
-13538
-5493
-13268
8053
-14516
30314
-360
10852
-23257
-3343
-13851
-11123
-27244
-22129
-18884
4606
-12285
-14376
17942
-7198
-26582
-6882
10309
20845
24984
9003
27342
-14809
-14126
15064
16963
1341
21045
14931
-10383
8574
-9122
22789
-26762
-17849
26625
-20471
-14475
5409
-27224
-3535
27004
-23879
-24195
29055
29984
23672
-30666
-22092
-14297
-2017
-30607
-31478
10209
-24685
-1943
-3738
20747
-11007
21572
5419
-29773
2371
30417
-5321
-1919
-27715
13663
3299
30174
24075
1177
-20691
-18688
29243
-18717
-1468
-29794
-19015
5665
-11629
23123
200
10658
-5918
3816
28574
-31281
-8627
-14634
21073
2659
8816
10543
-8647
25868
-6951
-26592
3184
-31131
-30565
11487
-14472
17568
-12751
-3116
5333
-18888
17053
-30705
26977
-970
-5210
-1242
-16106
7124
19775
-27346
-3245
-7462
-3541
26488
-18035
-4208
12917
-24549
23048
-26245
-4577
-26512
11881
-24671
-7832
27653
-4649
-396
-26735
-13880
21578
-31077
-1462
22377
-17711
-15646
-23895
29152
11682
22574
-31447
-21761
5426
8940
-6651
-18025
-22050
-18567
-26997
-10088
14925
-30452
-21905
1592
4257
-31950
-28556
-17396
-19619
-19673
-5786
6346
18672
-6216
-6848
8849
5715
-13713
-27865
13987
-29238
24374
-7370
-5071
-25187
3996
22587
-3135
702
-23025
-22243
29279
24999
-51
32100
-30760
-2739
32682
19615
5226
-3037
-17443
568
23928
12917
790
22728
14002
4472
-6217
7342
1343
-211
-5262
-9456
24591
-12064
24197
13856
2234
8868
-25670
1018
27812
16862
-62
15935
16736
3719
7732
-15175
31023
-21475
-3535
4516
-9363
-24892
-21978
21196
20145
26278
30919
26688
-24963
-7026
-12211
-10649
-23936
24410
30903
-21837
27261
27561
14565
-21596
-9084
-4011
29823
17015
-12170
-29060
30773
-32050
-26753
-25434
-32546
11688
11282
-3089
-11487
23000
-2890
-5762
-19670
-11252
-27107
-25348
-9827
7501
-29023
-2236
-27547
-24767
-30301
1366
9716
-24928
19770
-15
15334
10495
-24818
25438
-27739
20887
1763
-23900
21790
11153
-10990
20684
32335
-32564
24026
31731
-3142
48
-220
11756
3776
-22077
-11130
18409
20722
-25958
1547
3929
4615
21193
-26701
-7997
-10020
20631
4900
-1112
-2742
-9109
-28199
206
31209
-16155
-17162
26939
-32095
-30933
-21572
17589
-14166
-8220
7694
28121
22023
-26853
618
5329
10684
-24812
29681
12003
9329
-29511
2766
9184
18687
7928
7235
31401
-23247
24749
3611
22925
3160
9326
-26468
-13234
-15568
-15478
23275
-32120
17688
15657
32330
28501
-11705
-19454
19444
-9319
25433
-10486
22424
169
-3452
29538
-15434
-26673
-8481
16778
-28346
14216
-22807
21240
-13219
-1954
25894
29396
-22334
14913
-13161
4635
-721
11888
-8545
6293
13831
-13122
24079
-21690
-20723
-12920
26070
-15385
-20266
16798
-26442
-594
9075
5810
13935
19571
27771
-3796
-5457
-20520
-456
-13630
26283
20027
-13703
-444
17643
-29446
10090
11867
-17824
27327
-1053
-133
-28309
-22422
-16596
11786
22140
-29718
9738
-1558
-7346
-18872
-19215
-10120
-30447
-29144
-32648
-24811
21148
-12469
19119
8990
8640
25407
-31013
-18443
-31658
15441
22586
-12161
1059
1456
-23084
14712
28078
-30722
2268
326
5774
-9954
-30487
-7063
17506
-19597
-28132
-20317
19885
27772
24599
10685
26438
-29975
-14536
26840
26441
3288
4779
-6832
-19380
9051
26369
21060
-29222
6786
20824
11255
22202
-24902
-30630
-7238
10405
27492
-20784
-16761
16724
-307
-13620
-27833
-13344
-4548
-19797
-23195
-23021
-26222
25976
-18719
-28262
1592
1359
-27866
709
3938
-10660
-27883
9595
-8101
15113
5387
17117
-2003
-30508
19582
-50
6235
15460
14843
-6145
9256
8656
30557
20581
-776
1350
18556
21952
-31009
-5832
-16565
1912
-1658
-21797
7539
17436
5639
-3568
22629
13204
-22302
14357
12672
-4790
22538
-26532
7767
13930
-26489
17964
3874
-10670
4107
-27387
7138
17015
14178
24338
-7683
9418
-14082
-25698
25162
-15621
2906
-29747
29975
13710
-11454
26763
8036
-30409
-26662
179
-11795
23422
11115
-8529
-20267
-29208
9366
13820
-12079
15692
30522
32013
-32729
-32599
-14990
-18528
-2449
-5666
32580
10535
-28253
17828
2531
25197
-16836
-14351
-20958
-9458
-14351
5848
-17146
32483
-12538
22422
-2955
6988
-7389
-20007
22797
12322
21811
-15853
-30311
22761
31458
-8292
21242
-14844
7263
-22375
18476
23182
-24406
28256
-1364
-2815
-4745
-8264
-21812
17342
-31879
26049
-5465
15599
-27401
8424
-9990
1073
-25805
-453
32128
-18029
-13184
-14273
-28042
19689
-21011
-11442
26036
-21780
-17953
22431
12978
30146
15394
5654
3879
-17601
25443
1441
-27027
6961
-18914
-24329
13724
-31842
-14744
-15678
14393
-20383
7367
-4931
-16195
-20835
-31400
-17382
-14665
-1248
-29532
-29865
27239
-20484
-4556
-12329
5363
30595
-2123
-12416
-18940
-20947
5889
-21211
6162
-15695
29860
-26279
-27689
-19283
6829
22199
-9029
-20691
-523
-4672
-16822
4865
29179
-2690
-12263
32500
-21262
22292
-22444
5977
25457
-16705
-31985
-30932
29273
11380
-2847
-24088
30407
16844
10835
6069
-26073
1310
-13755
26704
18632
24479
3748
-16091
24991
-6022
-19578
-2472
3962
13486
12495
19842
-7584
18744
-18384
-16068
-19993
-20492
-27238
30567
-19813
-3336
-7158
-22011
11081
-20887
7337
28566
9839
-6571
-7803
17496
12448
-19333
786
15362
26601
-20591
3378
-27477
26415
-2306
-11603
-1890
7572
-12903
-30556
-29116
-684
-26946
8936
12901
11229
15821
21129
-25881
-22512
15990
5091
31163
10011
-10858
11737
-25139
12854
-19012
-10442
7288
23089
-19218
18335
-1534
-28086
-31315
-8268
8185
19875
9287
-19384
-31514
27957
4912
16174
30676
-2713
-26746
-9752
-16390
10223
13299
-8271
-27086
-26666
-24428
-20605
9053
30820
23269
8301
-16548
19619
4700
-3471
-19993
8414
-2255
292
24737
-20691
12672
-32095
3687
-30688
28378
6854
6718
1205
-11311
30142
25145
-3883
-2125
-31434
26008
12877
5486
-12060
1208
-26853
6754
-5024
-6243
-21850
10014
-31025
9705
13206
20351
2100
17749
23424
-21804
-777
23094
-21121
15582
-27603
27168
-24368
-31839
-1532
14026
-3075
-17309
-15751
-2939
-12363
6911
-5213
7840
-10103
30222
-13702
-20554
25732
-14192
7019
31625
21153
17141
11118
-3857
-10664
-29577
-10932
29300
10505
14044
-29975
17516
756
-1827
22148
-18388
29684
18221
17655
-22931
-13600
12090
-14548
-24674
-14790
29082
-16990
-25716
-21443
17523
-6255
-29696
-12490
27565
23016
30558
5738
-1141
22249
20698
30756
-15388
-25353
-22800
26731
-25686
11564
11140
11071
20933
30157
7255
5298
-22791
-6538
-1948
-979
27567
-31263
-13898
-20155
-16276
-19833
31230
-21526
24977
20355
14803
-29555
21722
-2058
6864
-23028
27501
32467
-9516
-7038
-20930
9231
16901
32335
-31283
-6958
28786
-11602
-12510
27818
-9567
26115
-16980
-999
14755
27262
-31141
6854
-26271
7937
-6817
-24550
27501
11047
-30251
-1297
8312
-24196
1151
-16640
19099
14571
-5173
-662
10986
6823
-2481
-17572
15092
-23905
-447
-24426
28321
23749
30213
31953
-24209
-32275
22416
-12882
-17268
27493
28789
-24541
-6236
-7035
-18760
-15299
-2536
-14896
26929
-29223
-21432
12932
23888
-25385
-15624
-23157
20577
13192
-22211
-13678
-26379
29384
16090
10269
13744
-13143
4276
8707
-29500
30920
-31691
2887
22520
-27685
4930
-14687
23610
-6020
-20019
-14050
-75
-24850
11351
-21805
-20662
-28739
10641
-829
-26716
1228
-21827
25822
-9241
-24023
32482
658
-23420
7067
-31736
6344
19832
11150
-30672
22930
27744
-12227
-30509
-29907
16322
-856
-2304
9636
-22663
5519
27534
-32078
4847
-1530
-21460
32129
-25922
-4297
4365
-20034
-2807
-20406
11928
804
13328
6655
-2332
-19758
11738
11538
-4374
-2472
16354
-8020
-16057
-17270
27634
-193
11588
19382
-25357
-15240
17662
-24374
-28054
13131
11405
-698
10003
-2713
-14548
-7152
27840
16710
-2413
-27996
-10306
28532
-13014
31095
-24872
-29542
14343
-30243
21383
13706
-13556
21491
18383
31062
-9997
-7307
15357
4068
0
