14716
6460
14416
4547
-22404
-31653
-32351
21569
16906
-32383
7011
-22171
3901
22601
14872
-20645
-18710
24838
17216
6905
-9524
-27873
-19597
32243
11284
24359
23088
2734
-24906
-4822
794
-1317
22633
-4595
-1308
-5235
-20796
23824
-8688
21077
-10332
-24410
27363
10858
-27392
-19892
-14985
11740
-21672
-1202
2275
-31872
1492
1558
27904
-28040
-3787
-18787
3721
31772
-27115
27862
-12160
1870
17247
-20672
-29120
10995
-16226
27018
-10690
-27492
5215
-16878
24011
29164
30589
-12187
4304
-1584
15414
17967
3525
6093
25725
-2787
14975
31545
-14716
3509
-4856
11685
-13372
10514
-18409
9441
-14042
-15761
-11957
16021
3916
-29948
13322
28264
24154
5011
-22310
2201
-27832
-31353
12589
3256
-10532
31943
-31857
31148
-5961
17111
-16297
-18047
-17483
-19608
-22293
9148
-13914
21735
14797
-25250
14934
3403
3578
32091
-21694
-6274
21418
23469
22291
31833
-30419
15178
5045
11479
-25564
-25244
4387
13813
22312
-9599
-3289
-11430
22459
-29591
-3219
-30529
19630
27622
18022
-17599
-25866
-5230
-16007
-7372
-4614
16027
-3940
12814
6329
7217
-15420
-19764
-17749
-10208
30099
-12939
5652
23290
13481
30480
-7423
-19264
-10767
-9551
-25839
-24503
-23059
-15890
3029
-25390
6008
-20126
24082
-3307
14940
6314
17215
-30248
359
-32584
-29669
26071
29162
29930
17369
-29249
-30398
10684
-16932
-5552
-492
-24330
31402
6002
-29900
12587
-10675
-5327
-32320
19088
64
25754
-27378
21681
30227
23472
-22199
26576
-3651
18585
-23868
18815
22133
12923
-16933
9401
9146
-1163
-31189
-12547
16839
-12586
-10654
6875
10408
-21323
5167
15120
26704
7220
31442
18677
21772
32689
4001
-9369
-31267
26813
7390
5712
22914
7873
-31306
-3333
5643
-8817
-20706
20521
-11661
-6940
-5570
-2218
-31073
12647
-32078
7528
-28197
-21175
-17298
-11856
5861
-10700
18718
13859
7480
-2037
-23134
-27927
30041
24611
19682
24727
-15690
9166
20335
5012
-17870
-1770
-32477
-17348
-19421
-31168
-18963
-9471
9552
16527
13013
-8423
-17814
-13341
-9103
11244
2448
11457
2655
-22862
26786
18792
-13488
31752
-20567
-21450
-27356
5456
21058
27759
-18919
-10978
-10650
32737
-5385
19743
9227
32506
-15974
16686
-2093
-2533
26721
-15342
31552
-19795
32694
-16756
-29993
-19656
2858
-18519
27123
-32532
-6824
29420
28464
3565
12144
-17247
-3287
-14937
-6823
-8470
7324
-5499
27878
-24944
16163
19181
-18136
-3715
-625
-21734
32691
-28779
3708
-26455
22377
13526
-18968
-14996
-24490
17870
4284
12405
-1074
5357
8503
9507
-6713
24221
6973
422
7802
1102
10405
7966
28720
28914
-29314
2476
22049
3779
-29524
155
-12688
-27548
-20327
19949
2500
-7239
8512
19317
-7816
22535
-29716
-8900
11970
1559
30103
6311
-14983
-15621
-5147
-9471
6984
31468
-18742
27170
-29099
28944
-16519
-17442
15959
-20267
-31961
2873
-462
-8758
-13947
4492
-19935
10088
4104
-20966
-21431
-7323
30789
-8837
-26023
-11101
10229
11311
-7338
18266
-32375
-28125
20017
18370
29442
-25520
-21191
10375
-9990
29534
-10424
10420
-25588
-9740
28158
1532
17606
22845
3975
4589
1489
3604
-5833
29843
-4077
-7314
17456
-11222
14405
-31846
-16541
18354
-3542
18528
-3749
16426
-29314
-27173
31049
27013
-7679
-5616
17059
9066
1482
26945
-9808
31798
21071
-22480
4884
13303
23568
9079
15437
11707
1417
-7053
-3880
-27949
-20461
-28664
-30744
-923
20406
-3285
-21617
18777
-15836
31051
-29456
28965
-32478
2342
31022
-13194
-24293
2027
-12009
26839
-2447
19088
-7651
-28258
-18868
29839
-1537
28157
-1781
2609
31483
15613
3004
1972
17541
25388
-16115
18256
-24943
-14861
29057
-8113
-12185
-14447
-31701
9171
23701
16243
-25547
27959
-2879
3638
10497
15270
12473
29572
11582
29465
27952
9964
-26950
-6657
-10457
19094
-27450
16867
-2091
-28387
19264
-10115
7479
4169
6
-7887
12704
1120
-27652
-29543
6366
-10380
4432
30393
22620
-16858
-945
14888
-31800
9517
-12314
7047
-11927
7284
11900
-32719
-6578
19598
-23459
-12130
21617
24322
-26821
19434
18347
-26944
8995
2119
-2660
-27087
20218
-27548
25537
-22276
-14338
-24206
12717
25817
-19105
21823
-2717
-29867
23087
-17741
31269
-28598
-13996
-8202
-9272
31415
-26339
-22970
-5483
-29833
-32142
-22016
-19665
793
18421
-1165
-27367
15109
-28604
5506
-17645
-8576
30856
10253
-24093
-13783
27082
1663
15166
13780
761
29010
-14104
-14087
3828
-12574
29890
16788
11625
30085
5112
13165
-13052
-23017
-1501
1252
13830
-3576
-14753
11328
-1267
3714
22072
5795
10736
14935
16553
-2185
-32175
-11216
31575
24895
-4908
-7830
-21752
29949
11003
29726
-5660
-6216
6942
18779
-27050
21456
-6123
-1246
29211
3728
13934
-26978
-16307
-24578
21005
9451
-10213
-153
20418
18345
27336
-26394
-4806
-15094
8387
-11195
-29808
-27258
6824
10177
-17857
-16595
1369
-16959
-24233
-20822
-23503
-19753
7067
-11980
25137
-32711
-4765
-8760
15692
13197
-30756
18237
27521
-25155
24680
-604
-19606
-9154
13848
-7166
23254
-9454
27241
9085
3742
-7190
-5377
31527
30124
-3204
23135
15409
8076
13713
12257
-16576
-23807
10127
27226
3386
-23603
4265
13928
10667
4870
-19284
30475
-26001
-23534
22806
7148
-1774
15787
29210
23000
-10642
3234
-11088
32532
18668
-29212
-19313
3347
2713
20409
-30874
8097
-25471
-15467
19119
-15684
4452
11603
27303
4879
-19600
-15828
-4901
-8501
3018
24225
-32344
-9486
-31918
-30483
29625
27152
2124
-9061
23732
17513
30739
-29794
-20855
-20124
11588
9133
5200
-23148
-4121
-7648
23832
-10479
9784
13155
6118
23613
15751
-5078
-15888
168
17299
-16275
6375
-31537
-24654
-13876
-1315
8116
29286
10373
-16302
17206
-4812
18998
380
-2257
-16394
-6218
11993
-19866
-6247
-7135
21047
-19278
28212
23283
-31929
-18891
10103
-16871
19860
-4502
14575
-2166
-3789
-30690
-25433
-9324
14865
23582
-1619
3758
-619
19884
-27854
961
22539
12760
-8085
-22918
7757
-18998
-25603
23539
-11566
-27759
-7873
7102
29215
-28449
-5055
-11495
15508
2571
-2257
12684
-4446
7369
505
13666
30201
2172
-488
-18678
20357
23990
27359
-8968
15634
3426
27715
23840
-19041
-21271
-3501
-2263
-14463
-5286
-15893
17895
7665
5363
-29781
31627
-32685
-9323
11812
-22841
27947
7493
18822
1854
-25289
637
30703
8463
-10984
-11903
14046
-10093
20931
24755
-18076
2501
-29106
21053
-20907
24786
2728
3759
-12874
-614
-2062
-24017
-29979
27468
25889
-27218
-11229
-221
-14739
-424
-29774
15898
-11060
7522
17151
25093
-4036
27504
2412
5918
529
26908
-14375
-16102
25634
12386
-16736
17441
-4110
1795
29841
32443
17084
-10359
24908
-25483
1759
-31547
-10849
-29279
-14939
-6658
-5400
18577
-24372
13160
20023
-11959
-7996
12120
-14486
-6557
-6131
23975
4869
-14429
25265
6519
32709
10922
19110
13683
27328
18700
7918
17645
-7765
-16534
-12751
-20298
-27267
5070
-14977
-4888
26060
29085
-4563
-21460
-18946
22446
22482
22573
-18253
-20592
-16075
-21915
-26620
-24023
-7156
29135
-29485
-14817
-22451
-25799
-21411
-5454
15806
2412
-13121
30697
-31696
5902
23299
-21543
21922
-16220
-80
-23262
27906
-12703
13718
-16318
-4730
23301
-17265
19694
-10906
-5199
22934
11899
29468
-29019
-2411
14816
-11570
-31597
-9452
2281
15047
20545
31916
-18426
29027
-24054
-14557
16915
-4031
4426
-1524
13521
28356
-32267
29394
7580
10920
-10299
10355
30792
-31476
29564
12793
-26968
16549
14277
118
16334
-27465
26572
-7976
-26530
-14046
-17002
12317
23504
19653
26733
21278
21331
-30423
13972
19923
-2478
11000
-21031
-5356
1903
-25171
-8742
-24997
-28362
-20491
2978
-11030
23894
13614
21155
-6890
-17647
-1961
-24078
29861
-21543
-14785
29579
26874
-1103
6144
12789
14890
-20598
-21181
16698
3863
-27438
32296
15007
-9288
-9988
-18237
-16023
-32598
29500
-2534
5066
-25062
10539
16459
-11399
18625
16084
-20302
-24284
9892
12481
-28168
20745
-2232
18526
-15610
15117
-7359
-26901
13978
30718
-23013
-12879
31790
-30135
-8555
24054
13438
13523
8668
7714
-14931
5858
4591
28900
-26403
-20205
-20330
31381
4501
-21344
15503
24115
-5450
15152
21717
11683
-21810
25900
-18444
-8269
-1658
-2265
10523
-10682
16763
-1678
29388
-30169
-29109
-28359
12214
-18816
-7011
1725
-7253
-25794
23116
20366
26049
-30651
-31232
25539
7804
-25345
16223
-21431
12693
4824
16162
5770
-10945
-2895
-25399
22748
5017
-17734
25891
10675
-31142
-5797
12777
31971
20814
18458
-21551
-18775
17851
7223
-1215
17773
-27891
4941
18286
-16772
-7605
-29642
2171
23092
14875
-247
27631
-27123
-18307
30229
-27413
31325
-10816
-6351
-22023
-6177
-13525
15258
-17804
17372
-6737
8876
30413
-25617
-9956
16318
12707
-29540
16406
29175
27391
7617
1202
-28492
-12323
-8575
1509
27568
-18539
11910
-5290
3611
8414
9707
-10924
-20224
-24657
-4979
28159
-5377
-20017
5064
-17722
-27600
-31334
22034
4053
-20402
-19396
-13591
22533
-23251
-10451
-24066
13390
-23344
-10860
-1221
-25697
31165
-5746
-572
4395
-18837
-2603
-27727
-4831
15313
-23039
22639
31977
32070
13375
-32691
-32467
-21553
-12089
26020
15616
18980
-7087
6585
-23812
24218
-7481
-12363
-25009
-27653
29106
-29073
-19088
20328
32303
-20869
-11266
32723
18592
23625
32524
-17989
29489
8914
12405
-25043
780
26540
20416
11763
-11775
30470
26113
-27366
17087
-8211
15029
-7846
1279
29741
30091
-1693
-29265
7732
-30346
-8655
-32110
25370
15486
15258
15148
31335
7688
10211
24677
26954
11039
21669
-20157
-14348
-29913
15358
-15022
7463
-18928
-25963
-30983
23643
29288
-7260
21270
696
-3513
17207
-20368
28925
13990
7285
-2789
10255
11525
-354
19164
26472
29935
-11339
-30231
9918
20019
7093
4377
9914
5402
-10826
-18340
6349
-11104
-20731
-196
-10050
-21654
-26527
-3617
-16892
9572
-19486
1095
1944
-22199
7532
23239
15012
10312
1405
19201
10
-19381
28368
-14447
26756
-17048
9362
-29754
12573
-8990
18015
-13420
-29780
-3807
15090
-9174
-783
17652
-15221
-22740
-27454
16446
5053
14670
-17047
-10515
19069
-4233
6525
10460
13975
-13325
13440
-26770
-13462
-4617
9417
-6217
23490
30516
598
26996
27125
-23593
-28750
-17579
-9013
24580
-32107
19307
8101
7236
22763
-4433
19400
-3734
22470
-13882
25336
-6296
-27651
-17966
7017
9367
-19991
-13004
-15101
11084
20014
10379
12339
24323
7955
9443
-6103
-5692
19528
-15908
12079
32565
4761
5269
9083
-28180
27620
28943
1643
22224
-13773
10165
31457
13651
-15613
18056
9746
31073
10376
-27920
15856
-26901
-31528
5378
16228
15847
-28535
3808
-31995
-17194
29116
18878
17433
-24405
3904
-13185
1837
28497
-7957
6410
20180
21199
8054
18978
31957
20885
31484
32425
20686
-22751
-15432
-29577
4231
16389
30042
26895
-12238
-139
9352
-17910
18447
-18898
13732
-1456
4862
9767
-6807
10642
-19714
-16428
16386
16864
-680
30260
19634
-3530
26827
-26623
-13435
1304
26803
-30609
12334
-30984
-8946
-25488
-19470
4232
32232
14205
-5838
-11782
13074
26993
6731
-11896
4021
-1026
-5345
14507
14930
-24992
26822
1444
11437
7826
16089
-1336
-20487
9315
14611
-13358
-25242
-27141
20314
-27399
-26893
-5745
8524
-32231
3448
-31209
-27881
-2666
22420
-29893
29422
16585
26200
-22776
18415
4965
-8937
18714
-21723
-32294
-24614
29688
4662
14676
9071
-13790
-2593
868
-16187
-13346
-22703
-24105
-25530
9211
-8046
969
-30870
-28879
-16152
10892
-9744
7292
-2642
-17045
-22912
-2471
-4228
-10852
-23111
-8951
-22742
6427
29611
2636
14685
-15704
20469
-9873
7952
19204
-14603
29206
4284
11764
-24767
-18082
-14481
24600
15814
-26550
-22260
23796
-29435
1298
-9864
26928
-19299
-5918
-3919
-28648
4174
30511
-3083
25504
-29475
23004
13037
19494
14067
-3430
3343
-14867
32167
2064
11907
13175
26504
-25809
25880
-25929
23012
-17124
7342
22986
8821
-28556
-26399
-20115
-29694
-15348
-29907
5268
-27404
-20803
-32092
29389
-14111
-49
-28561
13273
-6089
-14431
-29843
-28373
13013
-19985
-684
-18274
-6181
-20691
32030
-3272
-14396
-23893
-12182
-8091
-23676
23439
8111
25741
28092
-15310
1657
-21809
13297
3004
-16093
13921
-20033
30666
16443
-25380
-23788
-26802
19596
22809
16744
-6398
-9399
15726
26228
12055
-16080
-4921
4902
1374
-3526
22946
-25134
-5502
11569
-4113
17974
23147
27496
4752
-14490
-11828
-30111
-3628
-28093
-26087
-32384
20560
-10762
7727
-26095
14848
-4946
25132
31778
-5894
17148
25142
6219
-8143
30437
-10386
-14611
-963
8480
26008
-17829
27507
22518
2454
32502
32365
15618
-20911
6640
23266
-6091
22829
8633
-16769
7080
22280
-4192
13998
9016
-26453
27086
-24237
13667
-8553
25618
-5634
15578
11857
-23135
-6385
-19244
32126
8427
17527
1397
133
-7576
30360
13085
9593
-10696
31869
517
-12178
-25522
18163
-3014
-22226
10892
-11043
-8748
-7359
12649
-11751
13373
-1763
-14943
-13389
28376
28559
-27025
-24490
30073
27052
-4356
-20299
12255
-24382
19394
-18823
5472
7954
26191
16595
-9150
947
19845
2055
-22202
-23532
3506
28059
-2576
31006
22955
-2673
-21349
-16256
-8607
19573
-12083
19463
-8429
-12128
29436
358
25443
-1716
24426
-19259
10527
29094
-19060
-9831
22319
-2836
1556
3502
431
-5295
8050
4565
-5897
22763
-16164
1522
8511
-11265
-29749
17201
-20838
-22398
-30549
-9749
18763
-25387
31677
22272
-22245
25929
-18119
21704
14223
-24130
-14738
11962
18654
26796
29657
-28578
21604
3867
11218
-27537
-22387
17514
-15479
24022
18553
-2591
17420
16957
32207
24602
31014
-8629
-8118
32758
-21736
12377
-16826
7390
9311
-5121
32007
19655
-14629
-26051
22311
-14106
10797
-30400
25106
32175
7918
-10651
-19981
5454
-3767
31092
-775
-14219
10685
3738
9909
29608
401
8318
-29742
3164
-20315
4212
8366
-3980
32059
-13439
7081
-22003
97
18832
-3832
19381
27601
-24656
-24326
17198
-14400
-22860
17775
-21313
-25832
6493
-30207
18042
-15891
8018
23449
-30498
-11839
-12397
27118
-28082
18520
11565
9144
4898
-4622
1198
-1052
25785
-26049
-7143
14361
-24672
-11276
-4080
-5667
17907
-27190
13095
-561
18937
5286
-7815
-19451
11639
-23758
5854
8409
-8793
-9250
12903
-16511
1385
19521
-11817
21861
-1627
14296
15892
-31051
26018
-26222
-7678
-3393
-24993
-19683
14771
-25532
-18959
32405
9633
-22451
-17262
3371
-14743
-1082
-29107
15177
-13546
-8601
29676
29053
-30014
-23765
12261
-11763
13294
-12585
27987
6787
31461
-25469
11480
18838
-18668
-22744
-22107
7676
7671
-8129
-4176
-27494
26036
-5738
19901
-19464
-4333
22173
-9069
12136
-9554
-22485
-217
-16008
21830
-10431
-5424
-26164
24577
4018
-3116
-12161
29544
-24387
-14077
-23403
-15695
8869
24994
-30303
-17044
26097
10576
15212
-25304
5076
4081
31787
12217
-10199
32200
5920
-2967
10846
12961
4037
-30819
30058
-28037
30416
27945
20063
15259
28626
-23561
-15415
6013
21313
7723
-31652
-22715
-17472
-3077
-23748
-25613
-29176
-3416
-32515
47
4039
9189
13733
-32388
24249
6360
-3880
804
11048
-6023
-2485
-31256
-20485
29512
-10670
14171
-8553
21990
13977
10623
-8495
-11540
-25380
11036
28028
19446
3704
8635
22763
-16513
-4139
-29800
-25628
-26981
-16098
10237
30375
-2138
27787
-14109
-32475
-29235
11901
-32622
-31050
-29779
-25663
25696
-4101
-1470
6276
-17089
-5491
26495
29212
-8717
8635
-32591
6377
-19024
29941
3878
2656
-27362
-20640
15744
18637
14467
-19121
16691
9833
24122
-24313
-5963
-2739
30059
3090
-29320
47
-10290
-21416
13543
13137
-12281
-22515
-11941
4691
-31942
-11650
23625
-12232
-20104
-16262
-7422
-22645
25293
12463
-1071
4618
3907
-32008
11427
-3494
-32162
23005
18782
732
-7162
17101
10301
-23898
4555
13454
13083
21577
-17976
6572
12745
26856
-27286
8134
-9940
-23789
-30962
22210
-9071
25490
24044
31305
-15027
29212
-10055
11852
-21583
-26579
26517
-18093
-21299
25378
27286
26545
-15959
3188
-26045
9504
10130
3659
-8845
27593
24220
23120
18810
8359
16921
-7806
-12641
15416
-28739
-1983
-19859
27500
22549
31389
-31938
-18570
9354
17326
15051
-20264
24603
30834
-10359
-11330
32065
-31313
17728
23131
31977
-1634
27237
-1282
-3553
26227
-7875
12175
-1668
12273
-1602
26686
32412
-19771
-16421
7690
-31597
-2789
29603
-15927
-19787
-31337
-31434
3050
-31818
-23206
24605
-6229
21067
-25848
-6017
9023
-3659
-30368
-14895
16144
1598
-19134
29567
20581
-13373
5025
-26579
-2703
17389
-2730
-19510
27005
13901
-7478
17388
-19674
-27354
-28821
-10066
20669
-28795
-14869
16260
-2002
-32767
-11557
2428
-14096
-14628
32452
6651
14345
-10438
-21332
-25820
24557
-30719
31368
19770
11733
1015
-28692
-31129
-4768
-23261
-11678
24406
2462
20611
-22479
-20043
16932
15767
-14361
1294
25035
-23370
-3217
695
16398
16316
-31680
22427
-14248
-11707
22853
-22732
-21916
9973
6909
-18844
-24812
27310
-29391
-11427
24345
-19419
-9303
-32618
-7899
-974
-18306
20979
-17556
30403
29616
-3264
23579
-10968
32517
-29706
-20837
6499
11473
10575
-29773
-23340
9488
18564
-4397
-19484
7705
-3516
4734
8923
-5964
32013
26128
-32013
-25035
6375
-17313
-17709
22262
24076
-10602
24353
-6768
-4632
-17117
17367
12079
-8247
16534
-17536
32734
7505
-32097
31204
-22899
-28653
19666
8775
15513
-16600
-10941
14669
-15491
9366
-26197
21529
-5493
-11259
-7829
11439
-19645
-22180
11486
31549
24284
-15224
-8737
-62
-11876
-22021
-5606
23715
19855
16004
12168
-5366
9692
1771
-18371
7973
27594
-11556
17104
-5006
22656
-32545
30984
22897
-22099
-15595
-17107
-30450
-19376
26490
-20609
3392
-19763
-5486
-978
-15384
-1209
18573
7270
-5464
-12324
-14444
-2037
-28845
20410
23531
-12298
7064
842
-28737
4404
-15702
-19480
13855
24783
21230
-18082
25805
-23803
15255
-26121
21733
-1852
-518
-127
-32252
-32503
3099
-13704
5256
20579
-17164
-21692
-9946
7345
-29895
29050
-16232
-21204
6094
8791
-391
-10150
-25293
-7142
11276
19467
8468
17960
29928
-18653
-5364
-4264
-22525
26922
-10765
-25470
-7517
-15594
-28690
-13432
3564
-15880
-4323
24001
25049
14620
-7049
21081
7040
-30376
-19964
29595
22260
-21593
-16354
20235
-13865
-22670
-19556
-6754
22642
16530
12633
11617
16643
-14988
22535
21789
-8689
-24687
-10536
5942
-26958
-16623
7710
-26483
29636
-2746
-16051
15030
-30881
-574
-13080
22792
-13021
11926
-18239
13997
-18344
15253
17954
-3361
-21614
-14980
17150
28562
-4495
-3443
23644
-6933
-29349
2290
-29044
8478
-2751
23971
6196
-12418
-4870
-972
2652
29382
31677
-22401
14880
16647
-1405
21470
-20467
16549
23936
-11647
14516
522
-17594
-16245
28434
-30408
-12615
-14921
-2357
-18949
-16487
19270
-5078
-17076
20050
-3651
5715
-24354
10181
-10383
5892
15783
-5133
-15097
11790
-12414
-11375
-4849
26343
2220
6915
14253
1437
-21010
9821
-14816
10460
-329
-31420
10465
11527
23539
28780
-5896
8369
-5610
-11588
-21571
-1731
-24784
-19508
-5644
27061
29874
25942
12674
-22338
-21486
-26067
-1110
-28213
-1030
-13093
-7666
31745
-11690
-20252
-27424
23793
-22012
-21942
8428
24742
-24967
-19600
25375
-206
-23352
-3682
-21794
-25513
13073
23256
-1760
-198
20648
-32736
-7242
5067
21019
-5531
-8077
2785
15608
29188
-14070
23052
13793
-29565
11444
-18237
26851
-23404
-21091
-9837
5326
30679
1799
32484
10869
21559
-29229
8135
-18211
22027
-8609
19022
2969
-16511
-12997
-15387
7119
-2171
-23572
28783
-23014
-29563
-27142
-16674
19406
18381
-13292
304
-24616
14928
-14106
54
-24959
17217
21505
14494
26385
-16862
647
-16849
26368
15138
-5708
29874
29940
-275
26010
17330
-21031
26296
18799
27265
-10278
-3857
1571
2852
353
7710
-1629
-11465
16803
-17547
57
-29172
-14398
16378
5547
17479
31556
6566
-7151
26295
8823
-23075
28734
-17298
5708
-21939
23627
-12891
-4811
7453
-19828
-6195
-16884
-11911
2207
24888
14776
-22100
-9837
-8923
-3338
-5097
6957
-32680
24813
11580
18857
23196
-6341
-7479
9808
-24561
-28677
-26456
-19095
20161
6796
-23495
17935
30383
22600
-577
-560
29799
2981
11276
-27765
23245
-7525
-27232
30901
-28424
9608
-635
9927
-17025
13359
28858
-20581
17013
10114
25443
-10554
22609
25027
-13417
30092
13534
25072
28120
22064
-18249
-1451
18404
-17195
18738
-29457
-2132
9513
23814
-28913
5252
32220
-3955
-25701
492
14473
18752
-5934
8680
11650
4605
-7526
28261
26130
-23900
-11895
-32224
14139
3417
975
24724
18963
-27378
8509
-32568
-9618
-3950
-24083
-32172
20665
25733
360
895
-25531
25914
-20836
-6078
-11982
25620
2209
-21799
31084
-2820
10030
-27507
-30830
10810
-13115
12476
-3614
25524
-9135
26753
3320
-16131
24331
9164
27260
5847
32314
-30823
13656
-5720
21799
1869
-30636
-11486
-11651
29439
16940
10324
5916
-17248
3746
-10005
-7572
19303
-12429
24565
-21710
5020
30209
-21103
-3203
-31776
-24591
-1245
-9289
599
32633
-23070
-17602
-1047
-31117
-24380
-9631
-14482
22699
-19918
-23134
-23051
-16931
21326
25671
27566
-8729
-24990
30480
30247
25908
-17738
18616
-32697
-4516
20351
18099
23770
-10753
-23079
-5227
2418
19189
-8787
22064
-23092
-10043
-1098
-23581
24810
-8484
-6926
-19948
-13107
25690
23522
-7178
27034
-11187
-13373
-19453
-8687
28766
16977
-8302
-5909
-3707
2748
18341
14974
-2227
27550
25505
-26769
7504
-15448
14615
-26652
-7785
-30561
6569
-11913
14986
7448
-29408
-23519
3743
-1549
-1733
18022
18999
-25142
29942
16236
-7557
-7320
-2843
1778
-24706
-8006
-3648
-18041
-4806
-6176
-2592
19228
27481
6785
-9044
-15380
-11626
-11073
20710
11290
-519
-29928
-23168
31566
-8635
-8728
32634
-26301
10391
-12367
-29415
-1359
-17293
-24962
20084
-26191
32651
17929
-5333
31817
2108
-3199
-27684
-2335
21757
-20747
-3037
32724
30203
-25419
-4517
-25762
20105
1621
-21880
31908
16843
-18940
-18626
13726
11758
26349
-22953
-697
5705
-7445
-25003
18032
28851
7773
-7116
27417
-17627
-29096
29240
3022
-18184
-25231
-20781
-30796
18482
-23719
19575
27552
-17685
29601
28315
24628
-8576
28533
9172
-8495
12085
-20285
-16068
11191
9422
-29604
-8283
-31046
2704
22617
15685
-13786
31705
-23600
-7758
-17280
4001
-763
-102
16001
-9898
-24514
19918
-20453
-16614
31092
23063
-6201
7842
1588
8594
-2735
-12283
-18703
10391
-17363
-32153
-9272
-20691
-23902
27625
-13286
2058
11707
-10142
-18839
-27427
3031
24765
-28604
26587
29910
-25111
17442
-29288
23714
20840
7552
-9652
-26223
-2098
-6856
613
27034
-19160
-13238
18436
12098
19407
-17608
-30350
-1375
10168
23538
20579
31165
-16282
32087
-7263
7211
12129
32109
-26249
12347
13034
-14117
6461
3632
-10040
-19901
5049
-29499
21233
-19314
11795
-2251
11292
-7322
-24868
24031
-25920
-4579
-12409
25354
18321
1900
-1769
32576
-7483
-11197
-7455
-10032
23347
13287
31106
-5811
30415
-4648
-11012
-29464
6986
21887
18126
-19761
7477
12790
-5875
-1300
1270
29736
30661
10794
15598
20484
-28088
4624
-16925
25987
-3275
-20565
-8509
768
23006
-7443
-31632
-13011
17502
14002
-6609
-19033
2847
-26640
-23930
18958
15805
-18627
-19129
-1402
28284
4795
14478
22855
14585
14131
18189
6336
17195
28525
-22302
-17113
-3557
-2020
-13068
10752
21129
-3873
-2631
17242
31084
17502
-27333
-8093
23181
6096
-16420
-16676
27831
-27941
-14334
-7595
22752
-2680
-2848
10987
-11675
-21442
-7304
-29464
-15787
-4853
-19234
-15568
-26597
7953
12170
10751
-13996
20484
15027
-20476
-6019
6019
14895
-4241
12034
-11840
32207
-2893
14780
-7730
23971
-12833
-2236
15929
19362
-1081
-25996
8402
29167
2944
-11822
-15851
-24984
2637
23641
-22209
4459
15023
5912
17777
-141
-20303
20941
23773
26606
23882
-17319
-4926
7816
-17745
-29694
-13471
-22610
-19430
26003
-15317
-696
13268
-15358
31234
26060
-23436
32205
12206
14155
29783
-5954
27276
14927
68
13070
-19909
-30274
-6033
13368
-161
-155
-9911
-19825
11915
31045
-7092
-21336
-31793
-5410
6265
13057
-5156
-29513
-31602
26371
12600
-23956
-7049
10428
29232
-23326
-20338
18669
-5126
-10856
24598
4587
-22121
-26316
32411
-26859
25691
-9377
7383
-3436
-3429
27322
-31770
-6719
-16260
31068
23245
-24515
-1058
-26528
-11738
-537
20236
-24122
-19174
23937
21828
13793
19946
26924
-380
-31593
-2671
29312
2182
4048
-22272
12985
-21144
-17654
-22928
-18617
3034
-10914
-14368
13815
32365
18796
-4782
19910
5456
12552
-7303
27964
22088
-9511
13749
-25918
-2110
-5348
30821
-27887
4958
22857
-25602
24929
-6807
-4263
-15775
24876
-20581
32678
-14785
10717
13405
30244
12127
-19167
-28912
30899
-3028
11074
31633
24780
-14452
943
27775
5962
9297
19031
-5270
-22531
16665
943
-19930
4291
12962
1636
-22011
-7755
30137
32642
30142
-23243
12587
4059
14113
10177
-18260
-8131
9075
16171
-32008
7749
16760
-30419
15345
3782
28692
-26706
-27405
-26334
-29421
-29695
-18940
5991
3976
3781
23843
17730
22942
15111
29134
-32053
-12768
12648
2691
-5377
-5322
-5947
-2092
-24982
-21334
14410
15815
-18020
-30425
-18512
-6697
10471
-27321
-2334
14695
14903
-860
29795
-15406
11578
1583
26906
28292
-29741
-18266
31186
-24434
9626
-13143
20148
-27352
32422
11230
27689
-24635
-26294
5650
-1264
-25771
19451
4141
28830
13533
1549
-10679
17897
-4951
27017
11116
3536
4093
23993
-11628
-22945
-7274
22005
3680
20876
-10332
-11525
15703
-15404
19365
2517
-16883
-10023
-8523
-22032
-8859
-5755
6383
-28942
-14333
-4557
17985
-2340
15304
-6690
-32096
5404
13078
24722
21464
-5811
-6048
26282
-10698
13667
22686
-30585
-28978
4999
-26249
-22424
25604
-12379
14720
21617
21780
-6480
-4481
19898
19694
131
-28230
-2329
25642
8649
-27333
-29194
28122
-6106
1430
3489
-26739
6790
31763
17083
-24458
5404
28955
6616
18578
-25394
22922
-8117
26357
-23503
10293
-20387
3754
27599
-20455
-7736
-22886
19151
17833
13969
16162
-21100
16808
32370
-13655
-5879
27930
-31295
-29662
-20042
194
-18223
16326
28964
-17727
-24375
12740
-7625
9461
-13513
4225
-17219
-13716
-6860
1274
-8105
7313
25766
-28789
-12900
-13509
24561
22688
4466
6384
-3838
-528
-15617
-18092
20578
-13676
13684
-5211
-4534
-27726
22187
530
