-27684
20607
-21335
-31839
16035
8197
-24026
-3815
5962
-13718
-21334
-28981
-8794
1399
-16243
24022
11718
22882
4618
28721
11995
-15034
6670
21600
17077
1916
32572
-15933
5967
29913
-22208
-5526
1728
8697
30352
-26565
-24106
-15128
-25237
-29465
-30277
-12478
-26121
23471
-22706
24497
14627
-13755
26961
16219
-30695
-20925
-19578
-16990
6692
28696
-22330
-10448
19472
-4208
5279
-22035
-1521
13470
14486
-27802
12129
-8258
-9364
14054
12688
-27527
1028
-3736
11569
-17052
-178
-3817
-4766
-2105
188
-26525
-25914
-27
-157
-3893
28728
18621
-25470
-2876
7107
-16106
-6730
26448
-15214
9501
-25402
7534
-30856
-14190
23869
29249
30614
17292
685
-4212
-15773
27798
-14341
24311
15523
-728
11941
-12453
8965
3865
-9148
19207
-7
-22316
-14330
-17529
-11471
8385
-5411
-7452
8400
27007
7783
26794
13121
-22058
-15855
-12791
3417
13067
11366
-3398
21201
-23099
25820
6856
20959
7167
10032
25112
-15814
31815
-8649
21827
-9599
-8916
-18359
16308
-2182
14030
22977
30146
30033
-26022
10045
3342
-31866
-25597
-25597
5104
-23679
-5878
-26434
30416
-11735
19056
28309
19446
30807
-7105
11697
-13640
24045
-20992
22041
10677
22024
-721
-23886
28736
-7624
24522
16611
30641
10638
-21923
7688
19613
3735
-28966
-12089
-8925
-272
14714
19
-1745
4433
-29834
32179
-30787
-16603
6257
-8998
-5745
29234
9700
10487
-5244
-20119
-25745
-16138
-18465
-8721
7778
29598
-30145
22710
17446
-7285
-27117
-29779
-5041
-19320
-23794
8806
32590
-17802
-6992
-14363
24318
-13545
5480
-6963
-18662
7449
-19388
-12339
-32473
23122
14270
-20976
-18120
-13546
13737
27618
32070
-16678
29990
-32285
15014
3795
6701
-20316
4397
9158
-8722
3648
1581
-12407
-13845
-7086
11549
26874
24607
-23271
24613
-24906
20367
-775
-5406
9217
-14949
-1584
12215
-2940
26932
-31170
-27807
-12454
-20169
32237
20895
-22466
-32628
-32343
10520
22342
-1156
-630
5964
25271
26974
-26739
-28912
11934
27326
3432
27492
-4079
28234
-509
-4207
5207
16691
28685
-21327
-24396
-12721
27401
27615
11954
24278
-30155
-32329
-25738
10408
-8981
-24499
25664
-19828
-20369
17681
-3599
18310
27110
27280
31178
17920
24752
-2683
-16442
-25448
-16364
13670
-19775
14006
-24527
-18941
27582
-7224
-7522
13423
14010
30366
-30290
-6004
-17385
30550
-22665
-25460
-26663
26487
27219
19219
22852
-16575
-30566
26544
-8090
9306
-516
-26432
-8977
-9910
-576
-4708
-14978
-834
32607
-25534
-4206
11324
-4855
-16941
-27720
17675
-15737
-18763
-11196
9441
-18089
-4916
-6877
-29499
29112
-14538
-16652
19008
8320
-22732
18637
9612
2967
-14273
-15624
8452
1779
-7321
6863
4068
19070
-19900
803
6701
3642
-19019
18043
7016
-12993
8371
-11021
-25238
7591
26658
5102
13806
-7059
-24022
-29986
-1875
3600
4814
31546
4522
11461
-8896
4590
-13764
-6643
19476
11082
-4204
-24505
28724
-20737
14101
15892
-16250
24876
28801
26324
507
-18313
5855
24555
-281
-6404
30517
-25819
15748
-3900
24191
-20034
-29674
10781
2579
-21188
18712
18889
31115
-1317
-23735
27713
-29406
-4547
5476
-24376
31473
8608
29684
10091
14682
-7380
-5912
25987
-8918
-26607
31022
21616
14666
-31644
-21877
18473
-22988
-3451
32086
2219
10159
13739
4194
-21024
1181
-19457
20249
23516
9481
14102
3221
-14370
-31663
31122
-28749
-7210
22143
12890
-29814
-21411
20177
-32580
32595
27438
23558
-31954
7304
20023
-26108
-5987
-4794
28298
15339
11824
-16978
-15208
-21764
30885
32085
-15845
21361
-8419
7180
7565
-11815
-22506
-12571
-22776
-24192
15312
1982
30181
-9199
882
-15163
3997
-3982
10987
-4806
-5965
11595
23494
3762
9962
7447
-14002
22726
-3953
26082
-10533
-31843
142
9281
-16244
9648
-7885
3568
-15330
-19147
-3980
-12680
-30271
-8413
-5621
27923
-22908
30242
31478
-19498
16330
-3241
2060
17381
-17190
-9049
-20385
29353
18230
-18734
-29722
3140
-24441
12126
19638
-9801
-20859
-23209
-28000
14559
-16464
-252
14886
10915
-12835
13265
-14370
494
-12369
3071
-6411
-19325
-21225
29933
19921
-13804
-3891
-3676
-17627
-28957
-19038
-29694
-14965
26138
1444
26052
630
-13106
14060
-28896
-29188
30524
-29551
16095
-22167
20208
9132
9735
-27559
-7306
12327
-29882
2608
-10556
16574
-561
-32219
-5704
24464
8521
-9148
15226
-28159
8772
10753
-22125
16513
-10070
29291
24343
26371
-12067
-1691
-26765
2793
29683
20035
3711
-30261
18445
-2024
-13412
-5597
25614
-25259
28012
29792
-454
-22330
3845
22737
-13977
31759
-26826
8613
7190
12766
31369
28504
20020
-5824
-28126
19734
-32057
-9905
17178
-29917
-16180
-13307
18546
-26534
-6071
9653
-1867
-27941
-8325
-21674
22102
-11513
13782
6343
27275
-18301
20437
-17021
7424
29243
-13828
10899
-21673
20821
23808
-2992
8214
10686
16517
29245
2803
-28792
-21141
14097
-3893
-3252
-11871
-10999
24294
-16607
9011
2923
-271
-13891
23051
12599
15741
-31519
30044
30347
-29029
-23121
-18520
-10215
15585
22636
8500
5555
-18909
-11629
-9997
-32192
2824
18626
1218
-4810
-21043
-10547
19574
20571
2275
2680
-32499
-8653
-6868
19665
12930
11986
12015
10931
3157
-6664
-7038
27667
-1164
-16771
-25038
-15817
2701
19433
-2506
-13564
-3676
-5738
7156
18359
7428
-9765
-13606
31243
-6830
13189
-4294
-18337
-24429
-12248
-25775
-4939
-28072
9289
-18781
-22748
-18536
23252
7962
-32368
15692
-2238
12600
7807
1223
13025
19633
-21402
-18826
-18936
26175
28254
8065
-7295
-17972
7084
1283
-30498
-9400
-28579
-31199
-5920
-21776
839
-23384
19978
15095
1219
-31478
5431
-3406
19517
-18824
30247
28775
-21543
21870
19976
-6014
-22887
-4963
-10584
-18996
-12359
25059
3298
7437
24781
-30948
-9275
-11213
1238
29282
-1739
1055
-16601
-23275
-19937
29978
24606
19040
-2489
-28306
10120
8021
-28613
-3807
21906
-24002
-1606
20842
-19558
24925
-16471
5863
12358
20989
-32265
-21238
-11641
8148
2595
-16373
-11306
-20835
-29831
5760
-5913
-4666
30863
13804
-5661
7816
30020
4990
7088
23280
27778
8878
22193
-4253
7481
-19757
-30764
-19519
-14760
26324
-5321
-1039
-30562
18599
-2677
-1747
4867
-19575
-23393
12914
10584
-6808
-5006
10900
-3147
6582
16393
-5166
26346
-11455
3975
-1069
-6489
-13451
17272
-23169
10060
18381
370
-31001
21842
-14133
-31423
-3958
-5750
-24976
14527
5383
27495
-16915
4612
-14263
-5665
-12479
4561
-2955
26681
-3006
-12545
23707
6321
32608
30050
18434
29601
-10980
-24857
-20999
-4000
7523
-18346
13265
27837
-30144
-1728
-25665
31144
9831
-14603
-31633
30504
7487
-25721
2437
-1310
23749
-12638
-17222
18506
23701
12204
11175
-16197
23834
2298
11451
20885
-29679
-20636
-24195
-27923
-26623
24237
-4971
16285
1737
-27504
-23307
19790
-26191
20
20658
-27832
-16038
10254
-10684
-5907
32185
-7562
31157
1185
-4806
-20119
-9400
13715
19991
28568
-5742
3138
15368
-29326
-6900
-12781
2737
29077
2778
-15978
6264
18317
27722
-32312
27713
13070
-17756
-31692
10381
-9342
-9668
20099
-8715
-31116
18991
-16445
-25676
-16969
-3570
31501
-21955
10338
-25073
-25785
21726
26099
-20305
13414
30881
-7013
-29304
20469
-30868
-1305
11590
-29529
9274
19321
958
-10031
28431
-13326
2903
25179
19265
27348
16079
-11656
20608
-2706
-26892
-29364
-17463
-32282
-11703
-25185
-15990
-4519
17681
-12388
-17682
8311
-10332
27392
1679
-8004
-15980
10046
-13106
19487
-6260
30216
-15078
-29534
3057
13852
-10473
13463
9761
-11550
24577
27978
5797
24738
-17398
7749
28204
19739
-31479
-19531
-7520
3970
-9904
11115
-2891
-32682
-28316
13480
14832
19772
-10792
26443
-12368
-29823
9565
16541
-11360
-56
-16478
29251
-2746
-28696
5706
-6048
4931
-20939
-4424
-6484
6068
8675
-21829
21083
-14876
860
-25762
21736
-22978
-3328
-21202
-1002
-4308
10778
24321
-4402
13745
-1998
3694
-10995
2184
-25181
13789
27008
-7931
-22647
-28374
732
5312
20270
-7976
14313
-12588
1135
-16812
-17367
25412
-32714
29785
-15558
-28248
-8949
20124
13227
27049
23642
-26398
-29069
-11102
25962
13303
-2125
-21192
-26058
-2029
-21031
-30636
2023
28514
24172
-30785
-14653
-24783
-8711
-5490
-25334
30162
3703
28045
22213
-29366
-8532
-12841
-28286
30388
-8829
4160
-22731
32050
-13853
24670
-29783
9469
12613
-21343
-29870
12833
-1023
8836
3917
27987
18089
8945
17089
-11772
26528
-32201
-1445
-18815
-22535
-10588
-1237
13661
-5082
1864
4452
-31189
9652
16260
13554
20824
29383
5763
-21963
-2962
-26149
-96
-32359
-16816
-16433
-24899
-6030
9727
24099
-5816
23880
-21093
23759
29057
-9505
253
-30664
24360
-3924
28281
13775
-3002
-26531
4666
-12189
5276
1232
27622
-111
17038
6338
32021
-13020
-3863
20115
22735
21484
26613
-18739
-25967
14134
-19877
2607
-3183
277
6420
-31054
-29681
23501
9509
-8113
20446
2451
-30654
-32050
8365
25640
-21778
-9665
22517
31628
11879
-25630
-19178
-968
8308
20188
27993
-29183
1440
25399
-27760
-7887
22565
-18155
16385
500
-30898
26267
-11010
7392
-1561
-21396
-16550
-9767
-31985
32259
-7675
-15413
-3471
4474
-18887
31262
-4904
-17479
-5821
-23087
31074
-19637
17416
-21460
-23652
11961
19545
18937
10590
-5674
32000
19210
-7341
15014
-7961
-16424
11992
21996
25568
21982
-13036
-10055
-1579
29223
19052
-7951
20538
-9989
8448
2963
19012
16317
-18477
25299
-30605
19411
-14057
-3849
24026
-2513
-4570
12987
6041
-8883
-23755
-14993
-6747
21346
-29243
32024
16315
-13868
12505
-3488
9616
20463
26160
13989
-4494
5359
-29290
-3752
-29999
-3637
11378
3468
-29554
-1706
26695
-26408
4446
11654
-18194
-4191
32045
-6048
-20871
20483
-31706
4524
-21620
-19645
-26882
24041
20864
21619
11071
3873
27269
10484
15378
-13256
27312
-9909
27862
17914
-25994
26508
-21850
-6351
-26239
26792
30393
-3820
-11902
-15728
-11557
-6708
8285
11111
31693
-3151
8262
20064
-8758
-5307
3593
-31528
-19077
-304
-24527
-31529
8617
-4128
-25039
4913
22973
29120
-747
30424
10595
20969
-1079
18343
8595
-6929
-9861
8228
-20987
-11693
-11326
29983
-12143
20054
19618
19553
-11310
-26234
22635
24003
30463
23247
-17397
-8953
29939
7992
-11469
-7411
22465
-32415
-10192
7666
-31136
3837
11903
21832
-16199
-29362
12091
15607
-30879
-9958
13039
-21872
-12164
6816
8755
17530
2186
19874
-30996
-32415
-15503
7600
29167
-22115
-30754
31135
-1553
-11488
3324
29923
-22965
-13553
-12006
9761
28329
29684
2284
29000
-12560
23568
-28216
-8333
-31898
-2736
-20348
12133
19826
-32315
32597
-14912
-5421
-24447
12172
-26608
-32054
27823
-19119
-4971
3867
-7940
23007
-21122
4753
25100
10931
-16147
-20569
22980
18624
9004
-25580
6171
8253
-20489
-18866
11472
25895
-12833
21578
10189
-25931
-6710
9915
-14774
-29204
10232
-5529
10447
-26655
-10027
25972
17534
3714
-9850
29256
21452
19363
-27764
30733
14531
25595
19890
21438
18566
29674
-26402
-16756
32591
26159
-17767
-6465
11535
2759
-26905
-14340
20387
-29006
-20474
-11677
12362
6520
5362
-11017
-6785
-15453
25875
-12992
1732
19165
14455
29884
-28310
15582
-31039
124
5577
-19283
15282
-10082
5406
-5381
-4854
-2075
-28785
-13719
16114
-6762
-28859
-16217
-5308
26874
-30088
-6442
24319
18178
-28788
-24339
-3931
27310
-24546
16957
-1850
27411
-26081
-31421
18228
-142
-20714
14986
591
11400
10621
32051
-24162
24972
-10175
28771
-13260
-26704
-18109
-943
13500
26983
-13602
10194
-11155
10059
15616
29668
-6883
20817
10306
27399
-3419
-31284
5654
27886
18493
22727
-23579
25795
32512
-28508
20750
25726
25764
9955
25539
-8550
29029
-26193
30369
3461
-15844
-3203
-9148
6442
-19616
-7052
-17258
14770
1534
15650
-21422
2967
22299
25047
-21568
-17604
-17265
-1472
-15306
4810
-8928
7930
28308
-1125
-15710
25473
31691
-861
-30984
-27979
-731
31470
-23751
-13760
6738
-4302
24825
20617
10198
18394
-14437
-15086
45
-9344
-21813
-19782
27758
14338
28584
22512
13663
-27193
28616
22370
-789
-5926
17525
-15188
26363
27552
28429
-16394
-371
-18331
21382
29945
31736
18188
-23881
10417
-10005
21978
24226
13754
-16592
30996
-22982
-12390
-15496
-29459
-17303
25488
-18624
3838
26517
15135
-25895
17730
-118
-17342
-1379
24040
9164
24723
15511
-17007
-19771
-8839
-27170
-28003
-13639
-3597
-25893
-29551
-27678
27008
-888
29218
9162
31129
-30570
25010
-27154
21598
-10299
-22930
-29808
-3947
-22270
7045
-27648
11698
-4923
-6273
28192
1474
-18941
-4043
30453
-14919
-26124
-17042
7685
-12808
2463
22734
-19644
25033
-32354
-29734
7328
13938
6467
-10371
-16468
-4770
-6070
-14097
-494
7788
23035
2141
-22504
-25044
-20710
-3553
7880
-13115
-16937
15625
-18386
-12218
-20276
-30329
-10467
7841
1169
9850
-14518
-19722
-25531
-22572
27917
2031
-2007
-3379
16001
10986
-341
9696
27604
-11363
21155
5767
24951
15825
-10639
-17546
-6234
12203
-4458
-1781
19514
-21987
16688
12750
4562
393
-23375
1430
24847
-30685
-6820
-2005
19024
131
-18136
-21671
-9706
-17111
-902
27980
387
22229
4551
-20051
5763
20973
-32103
1468
-7683
-5285
13839
7703
2094
30405
-2522
24452
17185
-27629
-4893
-27879
-2280
-4936
-27839
-10253
21119
-10411
-30418
-383
-25692
27553
29169
-7726
-22785
-32570
-24033
31206
-23110
31991
-20648
-14378
-22630
31767
25190
-28793
-14366
-26107
-15305
-30938
4945
5751
14249
13275
-12602
-26457
8220
29242
-31848
30703
20915
-27080
-9439
-21277
16825
11790
22108
5730
-3280
-1747
-10548
17693
-29846
-32348
-10555
-20378
-15796
-5700
-27244
18339
-23553
-13370
29893
-25997
-7346
31556
13574
12051
-1665
-23319
-11697
-15113
13862
32002
8594
-9585
13760
12011
-16139
18504
449
5000
-16950
-12909
20525
-26565
2263
-16722
-10925
19807
17978
24418
15829
-5464
-9562
-4348
-8998
-6492
11741
27119
-8680
-1941
21425
-16240
3446
2411
28975
24040
-21496
-29044
-10850
-16365
-32478
-27964
-9882
26415
32609
-24255
-24994
-13638
-25850
7430
4768
-16994
-25330
-11179
4963
9273
-9933
380
-27498
-30385
24465
12308
-24662
16999
13435
32336
30271
-7226
11107
32387
-19306
13424
-7879
23077
2359
-15176
-24359
25500
17100
-3946
-30513
-11516
-11435
-22892
20807
-20346
6112
-27503
-5810
5970
20279
13002
17072
-24980
-22113
3354
-23529
3916
-20729
7200
-14057
-16763
-10916
27909
20556
32727
5510
14283
15909
-24383
10619
21609
6382
21456
-23084
32008
-8842
-10014
4313
27964
17551
-20527
-9142
26566
-8676
17098
-20698
-22603
-8670
9154
12205
-9479
-9067
17051
32663
-32271
19718
3025
-17273
31582
28064
12361
-21262
-14416
29237
-31432
-18004
2518
-23652
23144
8893
-11040
29068
-10040
10019
20097
-2162
3974
-19255
-31027
19003
-13748
20396
-7121
-9970
-1796
-30689
-29181
8277
25237
5963
-15270
-21574
-15571
-19074
-24297
-2997
20728
14864
31135
-7717
-28581
-620
-11341
31385
-26694
21031
-21471
12144
-5666
22686
-7480
20127
-17243
-8035
-23399
-16781
17722
20941
-14725
-12192
1385
19483
587
7457
31125
9740
1018
26009
23160
-26748
-28272
7336
-25652
20327
-30348
21359
28369
30365
32168
31963
-12435
-25648
16643
-29373
18938
-22721
15493
9155
18060
86
-26267
-26076
-15064
-11367
963
1940
-29154
5438
2454
21808
-12440
32364
-22800
5677
-9797
-905
-25901
8111
-16029
5782
-1289
-7648
18433
-10881
3184
29842
5981
-13171
-13425
32193
3045
27868
29819
-29294
-26243
-2353
-16389
-14503
31231
-27485
14572
21850
13405
15724
12433
22110
7372
6892
-13000
-3470
-6289
26146
13142
-18060
-8453
23344
-10683
-6901
-4136
12280
-8888
21333
24544
8369
-22097
-20383
-17364
12700
17725
-701
-22963
-9106
-5864
-20864
-11555
-26353
-12592
21561
25118
21693
26144
21410
-520
-4215
-17223
12158
11915
-22430
-17370
-9602
24852
25689
-11524
16900
6070
30810
2437
21644
-24428
-14192
3232
-9211
13826
9051
-16174
-13023
15223
-18729
-1656
31594
-29471
20527
-21275
15389
-26831
28074
-19143
-18793
-4810
-25551
-17009
25434
-32473
31708
-2371
-13197
23144
32035
23718
-27737
32690
-9782
-27524
-16211
-2743
22053
-7676
18530
376
-22107
-6055
-32746
-29130
26347
-23667
-579
-19777
27153
25368
16233
-21169
-1253
-566
-7165
-3711
-21116
27127
14831
-10155
-1482
-26021
-18125
-6766
-1410
-23490
1771
10436
17049
5096
27486
24447
29022
-24559
27751
-29543
-24285
29863
5871
31886
28319
-6397
20428
30422
-26854
-4163
22903
-20343
21600
14961
-385
3387
-16205
29837
-4816
-28009
-14337
2016
-29574
-12
4808
-32004
1766
3364
30175
-7315
-15649
-8271
-15425
-1291
4905
-26997
22757
-31046
-16630
31775
6239
-29806
3385
9251
-32464
30629
12473
-20969
16367
-27163
-29529
29106
-19831
-16502
-30465
20465
-21163
-2446
-24983
7416
9316
11344
25225
16582
30163
-6986
8101
-94
22137
-27425
27754
19676
30572
5511
17732
20058
-15760
-4342
-15697
6830
-31533
-4685
-7456
-23395
9910
24436
2862
1572
14490
-14931
25270
20772
18129
23108
18383
3435
-21823
-22623
-4180
3531
-18807
8375
3605
11516
-27468
-11275
-26642
28739
-28910
6419
-23961
32616
-19743
23725
-6964
-21662
-21233
17200
-21691
28512
-19100
6810
9321
-26468
-24467
2642
-25344
-30305
15957
9212
-22473
13632
27896
-9788
-24924
4554
9334
-28902
32018
18308
2302
-5950
12788
-15170
14326
31269
-17987
23414
-15957
-10511
-29693
27769
22493
-3926
-9730
-19853
-8771
264
-18235
-4727
-6899
-5185
26792
27130
-31644
-31507
23343
-4730
13066
-24033
-25184
30242
-5580
-4267
1013
26593
-2154
10057
4198
2814
-15366
30656
18336
4193
-8207
-14192
-10481
10778
5396
19609
-6349
22887
31009
-19427
-1427
1099
29064
-16875
12213
-12166
-14880
15780
9416
-26684
-30758
31892
8397
-28293
-9249
-8448
-28244
-29647
-10849
30922
-21769
14162
2816
-24758
-19134
-25214
17510
-2277
26712
15310
-11946
-28825
26965
19551
7397
20038
-2691
161
0
0
