20286
27135
30741
-23386
13525
5185
-12996
-2415
-21629
-31853
22068
-13664
19166
31632
21913
13517
23415
-29746
26739
-26510
-29599
-9364
-8353
10046
-7940
-89
25070
28304
-28257
23769
1184
8192
-9385
-25537
-27559
-24904
13697
-8995
-23735
-20510
20892
-16826
20436
-20982
14896
-28774
29343
-21039
-12189
-17703
32451
-16448
-15947
25228
30956
-4253
16181
-14273
6556
-27349
2013
-2793
-32710
-16605
31405
-29421
8354
14663
28930
-13786
2141
23776
-24288
-8178
-26623
-2029
-30276
-3904
28846
26722
32504
13967
-23894
2333
-18594
-27666
-3417
28216
-9690
17612
1415
-7841
23542
20459
22724
-3263
-28245
-27295
20642
-14078
27444
-94
6509
4398
6711
465
-24798
12240
-12702
18765
-17852
-19429
22370
-14928
1581
-31792
4304
-14225
1181
-14902
15655
12692
-7027
-2261
-10482
13304
-3929
-18288
25039
1701
18982
18914
-21162
10072
-23885
-6262
-2096
6512
19650
9336
25014
12312
-28055
32021
-6334
9895
5032
-10368
-197
-25132
4512
-11654
1543
12290
-11520
-886
-17537
27208
-17538
3659
9709
8837
-21763
-22448
-26956
5082
-14647
-31850
-11532
3650
-7785
17144
-19057
-20010
-31333
27102
-30162
-8848
-10437
30619
-5296
1359
22450
-24466
-1428
12923
-19800
-21677
-3183
7223
-1444
-30529
26968
18603
5000
19990
-26252
24031
13217
29475
-26358
-32658
-6906
4185
-29882
-11915
23888
-12201
-19173
-27362
-23034
28124
-2808
-22461
-9329
21681
-2464
12800
-30007
-29157
11909
31385
348
12892
2813
-4755
31180
22524
-21091
18276
23924
-28793
5725
-22568
-2120
9235
31985
-25645
11506
-469
-29276
21211
15323
-13202
17588
-11149
17067
-18617
31248
-11142
8155
24488
15296
-14589
-10517
-18172
30164
15915
-12244
18080
32392
4829
19291
4834
11476
-16210
-29956
2766
29517
-19952
21558
-11370
-15964
-12114
2218
10217
21971
27521
20183
-5623
-25554
1751
15844
22344
11645
19410
-30327
-4284
-23725
-17736
-13533
18170
-3687
-27416
-29553
2231
-19191
21354
29937
-13298
4385
24877
-31548
6653
29838
17431
26627
-15864
12602
26534
-2808
1139
18785
-5607
808
31031
-12372
24334
18667
2337
8359
-18557
31147
19303
-13742
-9697
-22881
16601
12217
18127
6815
28518
30234
-11574
9383
-16085
8524
9944
-22781
28539
3562
-10190
-27207
-26288
-23046
-24567
12804
18786
7785
-28155
23727
2244
6750
-16788
12434
-24923
-18303
24549
11677
-12693
1139
-6140
-25612
-15184
10961
-22842
-13637
13685
19096
-17542
8070
2088
-9975
2296
-416
-24441
22584
-26904
23965
30660
-15666
-4457
-19565
-1997
18894
23717
-13361
24218
2072
-10598
-1913
-25412
30168
-31163
20917
6530
31572
-15849
11749
-21210
181
-7272
30285
5991
1407
22631
-17931
31512
-3314
-9856
15041
-27228
3609
20013
13228
-21367
-31188
19555
29356
14332
-18601
18456
-15114
429
24981
6071
10797
-22357
-6288
19284
28498
-10445
20145
12294
22717
5242
-232
4531
-3022
-9332
10000
232
-12778
12892
1167
8564
-27589
8234
-4273
32722
-19931
-15932
13983
20866
-30025
-21737
4297
20784
-5297
-13480
-4253
-24440
3806
12696
-20312
-7127
31929
-32578
3735
26672
31413
-16610
-19611
4566
1193
-30943
-27833
17814
-16429
18279
7270
8426
-7465
-8386
23559
24447
-13673
-22798
-27375
-16750
-31171
-17310
30947
32378
26560
24430
-28796
31751
15557
-27955
32218
14315
29402
-4181
29369
18803
-14048
-9600
10281
-6876
-6817
-8788
-72
26660
-7589
12740
23441
17426
17627
6357
8090
24999
27942
18595
29818
10745
17169
22365
-1370
-32037
-15574
-20692
-27577
-21157
-19694
-32157
1326
25612
-5828
-31235
9789
-17875
1127
24467
27577
-10438
17090
-25495
19026
-19320
20311
6243
-26773
6064
22403
16831
-22033
-29685
-23264
26764
-17432
24510
20513
17800
-17067
25729
-13511
-20682
-10498
31656
1047
30101
-26963
-18968
28831
-28564
-8063
8562
-706
53
17687
1908
310
-21729
28955
3904
-19417
2567
1406
7677
-13727
-25351
-4188
12289
-20091
-4859
-24657
1659
-21841
-22056
-7523
-14134
18752
-12735
-13441
-30445
-23781
10706
-4656
6971
-772
9708
1492
20442
8845
-6604
-2448
-29945
22762
13872
9659
2284
16417
21619
12846
6592
27429
-31338
16345
27537
30957
12614
-28102
32058
17540
10030
-24859
-78
31449
6834
-6730
17996
31842
-28955
-18227
-30715
25698
-21501
-9033
-27563
31995
26852
-26056
-14607
-18050
31478
-598
20423
28535
6697
-12027
19178
-2674
30247
26114
-30848
15294
-28943
-14278
-29659
-21830
12810
9037
-967
7992
-30195
-26208
27819
5553
-5889
10507
-885
30255
10284
26892
-11820
-8379
14320
24274
23167
-22270
-2288
-12628
7590
25656
280
3032
1364
-4821
-9921
-25997
2739
-2145
-27111
32286
-24564
11359
-25993
-2155
-32277
32076
-15650
-26333
-5152
-30908
23035
-26366
-23157
-19490
-25887
19328
5120
-19091
-8882
25561
-30451
30666
1124
10349
22415
-9850
-14509
14967
28587
31677
18725
6055
-22175
16002
-22441
-27535
-31771
-11431
5579
-6920
30103
17581
-22659
-30952
6656
-19864
-17106
-10966
12918
16756
2251
-14048
-22877
379
11820
2390
-7610
-7313
10660
15706
2274
30010
-7978
31597
-913
-8834
-487
-27819
2533
9456
15728
-17641
-24083
-27052
16398
14656
-2972
29447
6805
11386
17742
-14173
27109
-13197
32409
9195
-7076
28201
-30796
-12259
29182
3427
-12642
-24049
-26700
30880
-12751
31928
-1521
-4477
28903
-22657
29874
-14454
23846
3858
18510
-21551
21956
-20060
32233
4629
-4885
-6724
12558
24023
-4272
1824
31374
-9548
24092
8335
-20744
20506
-7391
6289
-12230
-21658
24889
-22077
-951
-3297
-3390
11408
31180
13154
5899
-19115
6245
-9943
15253
-22553
-18639
22008
17159
8213
-29001
11242
15139
25855
17160
-27963
-5606
-930
-6690
-29524
-21893
600
-16562
4618
-9707
16986
15021
-3332
-29404
16141
25953
7815
-10569
-25295
-8066
1244
-8811
-22157
-5962
2001
-25310
29249
-28600
-12603
30894
4390
25516
8579
-15496
-31795
-19050
-5207
-10367
-26624
21472
18310
-30931
4592
15090
-11585
27071
-3581
13503
-29951
-17139
-20291
-26597
10534
7543
-4870
-16630
31383
-18839
-16057
-14545
22261
9500
-4294
-15071
-31863
-13325
18191
-381
6519
-9227
-9343
-13707
-31633
-32342
10393
1697
2166
-27962
5358
4929
20908
-17376
17555
15119
9102
18926
-30525
3224
-13344
-17536
-19248
12481
-23821
8085
-9254
-23091
-32327
-24576
20867
-9059
25706
16299
-25876
-20561
9865
-4787
-12985
11646
13040
-3764
-27390
8826
7847
-5341
-9709
13843
15998
3119
-10477
27436
21270
-19871
16087
32570
12664
-30428
10152
9525
-32414
5667
6157
-22667
25832
-481
-6276
-3733
-6929
14759
26650
27703
29537
-25396
1622
5021
-14792
7469
32445
8711
26536
20240
-7867
-6828
-29935
-10849
-11764
-16884
13385
-19191
24388
12400
-16939
-27171
-30694
13580
-5555
14047
16604
13566
-25685
3698
-26649
3146
26482
9383
-27398
6931
-16291
-28480
20659
-25334
13837
15544
-32434
32613
15043
17319
-4584
-28348
-9979
-22549
-9850
-18507
-11295
7660
-7727
14564
7379
-29388
25847
23394
10812
19166
4983
5616
2929
22451
-1753
23330
-22729
8596
25864
-2343
-24098
7818
-15555
-17853
20754
-28406
-31587
-31141
-11029
5696
-23093
-4382
27401
26386
-14006
-8735
-26630
-13248
-25413
-7135
31563
10046
-18178
1702
28911
11165
-25734
25460
-11183
8680
-27978
-18579
-32432
19444
17135
6701
-14086
18689
27650
-23339
-29347
27841
17347
-6888
5438
-16479
14440
26969
17429
-10120
-6635
17798
-16736
9143
17115
9716
17549
32196
24681
11800
23575
-21564
-10496
-11813
546
-271
31605
-21639
5420
32484
29434
-14411
-24820
-28721
28787
8871
17275
18994
-26018
-28512
-24370
-27949
22473
26802
-31450
-10553
1107
-1648
-31423
-18247
31858
28728
-6199
-13625
17996
-4133
-3839
29703
-21976
-12088
27812
-10459
-29241
-26066
9077
30977
23931
-19650
1202
-29532
-23536
-5842
-25565
3235
1594
-20060
-23133
-14262
20480
-30694
13901
-12449
26016
-12988
6599
-12660
-18020
-3841
-28597
9314
29004
26823
-3575
25304
5386
-15106
2035
-20131
8072
-27589
25691
15255
-28274
-28274
-11853
8933
32716
28112
-13420
-30252
-28988
10102
-31814
23857
-10914
-20522
6724
-27208
24707
3551
-30120
-12015
-31252
-12152
-20202
28679
-22147
-9423
-22259
-22977
-32201
2341
12163
-27373
18628
-19693
-21063
-27284
-12555
21420
-25244
27496
15455
26843
3185
-25934
-32559
27944
4977
22803
-14505
-22645
18703
-30627
-5773
25287
-19678
1010
18283
9015
-18156
29132
25740
3234
31052
31801
-19146
10609
-1212
-19551
28951
31305
15100
20267
18221
-29187
-20179
-27152
-31818
-2422
2750
4838
31598
6110
25640
28540
31882
8760
-4422
-21562
25154
-1959
19087
-11575
-25943
31761
-16584
3243
-30445
-13845
17443
-10808
16805
-24503
13384
-13815
-29116
-25955
8672
-12083
-385
30080
12512
-8365
-3267
17668
20446
-30811
-31328
19189
-4303
27321
10307
21439
-8558
-5508
-24896
14679
32636
32634
-28459
2456
-127
31520
6921
14798
-8209
17236
-22734
-12043
10844
14730
-12504
16162
-12138
-22858
-30762
-28291
29762
-21191
22342
7593
11605
-5517
23866
18371
-15297
21483
28826
-30223
-22663
-28261
-11249
13234
26916
12965
-8137
23877
-15167
-5152
-23130
28301
-23514
-27885
-29360
5343
-6965
18536
-29109
-15853
27537
26714
15212
31458
-27679
-18450
21093
29872
7418
-11689
-1138
1579
24311
31208
-13475
-29439
-32118
11608
2404
-5010
2643
-31975
-32217
8797
-9964
-30469
28021
-5328
23910
-14373
-32540
-27689
-6396
16642
-5691
1649
20371
23559
-32714
5122
17556
-31350
-26000
-15236
-29178
10965
-3770
-18361
-12029
-22724
3127
-18669
-10522
1629
20725
-3222
16927
19600
4395
-11931
-23570
-13849
-9996
17635
6584
-9008
1765
28670
-24169
-2381
-29585
6321
-14543
-1878
29951
-5872
19415
-16184
7311
31460
5501
-28875
-30280
-22987
-19773
-2876
27334
-3202
-22001
-3221
4071
13461
15983
-24723
30477
-9401
-31022
14722
7941
27473
-30637
-6709
-7966
11485
-8671
-9432
-18884
15838
21723
23820
14044
-18994
-11215
-8580
-4637
-7958
20827
7093
-13388
32052
30525
-5392
-16870
-13205
-2638
-3150
-2546
1921
-25893
26390
-31874
8091
-30374
-5221
-23574
28311
-29162
-1563
-17744
949
7736
27065
-7180
17789
-22793
4043
-27707
32561
-19934
-13616
-17771
-23347
3071
19258
8326
12870
30885
-27941
-4579
32426
31542
14878
24599
-21567
-17135
28289
-19891
23639
-16644
-17978
-22565
-26270
-21075
-21484
3592
10430
15136
-27727
-1743
-10123
3632
-23600
-28632
16256
-16900
-13165
3537
-16872
12306
4343
-11521
19544
-9615
-19364
-32023
11085
21942
24799
9938
-29188
-5717
10483
-18162
-29658
-13194
-17809
19205
18807
13044
6425
25402
-7661
-12497
-4902
31969
799
29009
-10786
23630
2089
22239
19551
6710
6582
22532
23430
25519
-5479
19685
-4793
23800
19015
14247
2893
16886
-15355
-22906
-6837
18039
16228
-25128
-643
-25358
-3960
-16948
-31289
-18956
-1441
-31994
101
16559
-20741
-25390
-15023
13852
22918
-11212
-23641
9972
5438
24310
18592
7252
1110
-6178
-1348
2447
-16023
12615
18869
10338
-11031
-8590
-11145
-9041
28145
27291
1502
-4716
-2873
-23814
32073
11177
9808
13493
31856
3172
-9335
-27587
6138
4875
-4892
3069
-16136
-1060
11783
-32073
-30004
-6254
3033
7540
-25990
-11899
-23578
6553
9883
6242
-5159
-6536
-22711
23142
22925
14732
-24037
-30107
-7604
25891
14146
-1702
-20961
29344
-11041
10610
-4165
19590
-27896
12764
-30331
14297
142
11189
-17095
27725
344
-23292
-27557
-7969
21312
23280
-31231
-27486
16494
-8285
7359
-30593
7556
2620
24353
19375
-3282
-17550
-19582
9214
-13415
22544
-28663
2480
-19768
-26056
31158
-3568
10209
-10468
20495
10284
-28702
-21526
-32195
32660
-29143
-21251
-24202
10939
-8029
30942
-28834
-18747
20984
32027
-13801
-10176
12350
3454
-25951
-14754
28551
-19185
-28545
8507
-6251
23633
-28936
5695
-14867
4460
-24857
-17154
-30021
-16408
1873
23128
6655
17585
25133
-21677
21487
-18923
11119
-29806
17865
-17536
-20393
-28910
-6570
-11925
-19282
-10111
4622
4918
29053
11679
-27428
3774
-15515
-532
-7853
9985
5264
-30637
-12923
29926
14480
11472
20430
31245
-2233
23049
4510
-25759
-31322
-5989
-6892
27181
5728
-28812
-19371
-3754
-20467
-14056
11051
-3436
-11556
17078
-12368
-4147
9991
21203
11700
17870
10604
7041
22288
26548
-29215
-28236
-17879
3734
-29164
-7778
-3946
18832
6452
3674
-25396
-1408
5170
14150
28571
-13099
-21260
30816
-15751
20624
3646
6199
23327
14446
15787
12175
-6940
-27660
21943
-25515
32085
11727
-23846
2123
-8570
-2321
10536
-13779
10001
-20235
14292
-22022
-6522
-31266
20035
4040
-8097
24806
-12603
9255
27956
22343
-32313
-13722
25575
-16240
-26898
-271
-8469
-21465
10005
30162
-13718
17717
8503
4578
-5017
19712
8135
22935
-23399
30111
23439
-9755
-11523
25621
-3078
-9660
-23577
-22574
-2962
8741
-5608
26120
32631
31486
11622
21171
12510
24421
-17068
-4003
-4386
-9765
-1307
3810
-21380
-31947
5815
-9292
-16805
-8792
-18168
24754
8165
12280
-27996
-11359
73
-14840
-28093
11290
-24769
-29027
-31787
17817
3314
17744
-1299
-5588
-8000
-18271
-21754
-5630
-9885
-30123
-23690
3369
-26996
-11233
18675
32439
26694
20639
-25925
-19818
25400
-2956
-9820
20914
-9574
10762
-26163
-17007
-26221
-21995
19313
-18567
3317
32021
-14062
7252
27351
-3478
15925
31736
18940
9881
2342
29088
-16270
31636
-5433
29890
-25465
15465
23585
29461
-9090
-31519
-8920
-13750
25578
-25608
1614
-1601
20253
-32015
-24059
-27844
-28203
-19999
29216
-15514
-2703
-31608
17575
29858
-32675
-9516
-229
31606
-969
-23153
14860
-18251
-3256
-8422
25270
14453
1271
-21649
-19292
10123
17056
-32207
5610
23326
442
-11267
-14248
-23259
-24950
12290
19779
29323
-29104
7695
27865
-18719
11617
-345
-6517
14138
8137
30296
-316
2421
-15289
22030
-26520
6972
8067
13127
-14893
23311
-7014
12935
29967
9465
-16837
11178
5005
24186
8593
6062
-18217
6701
11870
3204
-18979
2993
27955
20814
30486
10287
-27074
21181
12472
6356
-26699
-27226
6104
-19426
16949
-9621
15573
32657
30553
-26748
11042
7497
2612
16735
27395
13560
-21872
27852
-8943
18927
-16968
31796
-1094
-31534
2180
32544
18601
1717
7993
-28501
-6424
-23676
12576
-28700
-392
11248
21560
-12426
-810
-17874
-14886
15914
16090
-19601
10410
16816
22650
-1452
28208
7201
-22653
3932
29758
23116
-5797
-7816
29119
-12097
30641
-20983
26861
10677
21952
-10202
24550
23130
-1342
-23552
-22820
-24072
3218
32349
17529
-26976
-707
23509
-10636
-3591
20904
9575
6345
-24669
-29780
15682
-11831
9575
23608
2988
27376
-6682
-16355
-332
-31397
14004
11742
12262
10945
-12501
23379
-1651
-31508
-2515
-31561
-15963
-946
21511
9975
-16388
-18700
-759
15035
-25067
-25321
-12047
22030
-15628
1643
3734
-13911
11852
-30115
6654
-19313
17537
-25476
-8849
-26992
9066
20457
25172
-25827
27526
12775
-6199
17710
-18928
24960
8097
18167
26269
-7709
-15260
-1859
11439
7071
2666
-32108
20931
3743
-23680
7107
23219
-9003
-1759
-26521
-28153
22970
27498
-28470
6442
-14154
-25349
30281
19340
-17630
8054
-18643
-20450
-834
-19159
19563
-29187
-5809
3625
-15128
1020
-7740
20077
5870
22243
-26928
-31500
-13678
6622
-2966
-14799
-4016
-2765
-7091
13790
20167
16577
-15879
21858
14826
18804
-11279
-9667
-17909
-6026
19754
-24748
3311
3622
31017
9497
-8329
9221
-20059
-10996
12906
-19405
-12432
21084
27332
-15574
-25507
21597
30179
11494
19644
-32080
14171
-13872
-18663
-30697
30982
19592
17333
24337
14562
-14870
24839
-27289
16841
25153
-18149
18817
10082
27002
11784
27052
27245
-22163
19027
-5566
-21664
-22015
-7871
799
-22887
-1282
3190
14389
24
-1572
13781
17123
116
7110
29141
5176
-20835
30240
-6057
17416
-23758
21778
11529
-23215
13687
-31124
-6386
-23232
15537
13045
-17793
18827
25745
219
1648
9183
633
-5045
-2111
10076
21299
19230
13232
32656
-24133
30333
551
-4337
14594
-5672
-6066
-4243
-21410
1794
-3114
32587
31620
-18166
-15623
32559
-8299
-2335
-7026
28105
-2635
381
-29122
15944
-24490
-15196
26878
10210
-1014
-15567
-25540
24529
-26487
1303
-20482
-3648
-1048
-8837
20277
9186
-24850
273
-10188
-15423
-32381
9501
-32521
6213
-24328
30167
11116
-23953
-15413
6820
-7438
9176
23267
-24309
-26649
14502
-17574
10471
21221
23144
8085
-10264
-31809
6519
-23920
-10767
32495
5776
-3917
15927
-23838
-15349
-12671
16271
-8751
-19394
-26108
6540
7929
-25932
20546
26234
-24627
30018
3093
-16394
22232
5011
3984
28222
-5536
28977
18572
-8181
10124
18440
-55
25193
-14066
23010
32389
-4435
-10938
30602
24
-17474
29396
19335
23011
24828
-10624
-12171
-7821
-25318
-24814
333
14245
-6996
-17688
3338
-5744
3007
-31666
4973
4092
-24582
26650
-1154
-5439
31569
19678
-2047
-7763
20001
14857
19488
19932
-11992
1489
28412
30603
21503
3136
28501
13372
-10305
-2610
30801
27498
20271
-29979
-30397
29709
12019
31098
8350
19116
2800
-7330
21733
-2311
26447
29812
-4815
26619
13178
2933
-15090
10020
28399
-19059
7286
-17328
-28968
30439
4670
29636
-12313
23473
7684
28558
-1981
-3852
3182
-3578
-3796
22585
4178
27400
15351
-6109
-29656
962
5589
25903
19002
24147
-10077
-3722
-15089
12748
18008
6811
-11321
-17387
1056
-10511
-20732
21669
20419
-14052
13736
-22012
-4279
-25
-4281
-23937
-24145
-19575
10191
9544
17407
17418
-16172
-17893
13228
-5204
-6851
26442
31083
17132
-16672
26973
-16626
-22609
-27724
31772
14198
-9962
2721
-15782
10037
-10820
10429
30228
5663
-2775
-11858
7780
16459
-30195
23827
-4051
4493
-18824
-14094
-9561
11378
3636
20783
7147
14234
-13989
-10476
602
-18314
12118
13559
-20173
-27274
-15447
1619
31766
-20463
2327
-27303
-3519
13101
24923
-18053
359
20395
-17150
-30601
23501
-28163
25465
-18768
-3342
-23766
-22339
-1473
-12418
12792
-1762
28260
-28967
-26401
21459
-18284
5610
26030
7437
-12632
-14817
-20906
26082
5465
5083
-4616
4241
-22280
32187
12621
-3950
-24783
8374
-20095
15920
30557
28684
-9347
-31696
-16764
-13128
-30965
-20055
2492
16811
27769
-22641
-7645
-17824
-12618
-9039
-13059
-31429
18933
-24128
-10691
-7019
18498
452
30618
-27012
-5561
-28922
5695
-7820
-11636
-15489
3361
32387
-8078
-21045
-10255
-9358
26327
11072
-25859
16603
-24824
10835
4997
-25178
-4480
555
27970
-970
-10237
-8997
-23623
-15137
16907
-31914
-27616
14343
-2124
31042
3355
1266
6989
12972
4859
10969
-13303
701
-19316
1480
16692
23190
-31379
-8232
-951
-7316
1864
-21781
902
10587
8196
31865
-1924
24422
-30547
-29326
-8383
22850
26238
15845
-28799
23423
-6809
16688
-20706
11713
-17900
22519
7563
-18979
-13155
-2242
-4766
15383
24615
9307
754
15984
-937
-5893
-22905
-26937
-27676
-7022
28708
-21872
16076
20221
29854
-7714
-5266
-3128
-14797
-14277
-9768
-19835
-711
22533
-28905
-29217
-2130
-7435
20556
-17663
-2089
21638
-29440
-7497
-16327
27797
25096
-14824
-19104
3666
-10403
22216
-7001
9925
-8959
27759
-11835
740
-30966
-27428
8934
26516
-26052
-15944
28493
5467
21104
13719
29847
7024
29462
-10552
1242
-27228
-12720
19862
-2275
27684
-14882
22233
-18462
6680
494
13295
-5034
-25369
-7630
-13921
-21682
-2831
22068
14925
4380
-6661
23153
-23230
12505
6117
-20421
-18716
18936
-15832
-10902
25185
15131
-14612
12969
22137
-15335
-15927
-21946
18480
-197
20094
-10751
-9514
2905
13604
-8359
-25463
3881
5334
23828
-5451
-12311
5066
-11752
-28964
6211
13872
26831
-12216
31370
-30515
-10143
-16925
15869
20752
-32517
25871
25713
21031
28833
-31321
9175
21572
22086
-3017
7035
-31907
21264
11155
-24929
17759
17761
-14093
31493
22245
27518
-13176
-20012
18550
12643
-2542
20031
-14509
-15773
-23296
7309
-11794
-16961
14178
-2853
-1002
2472
17618
22013
626
19800
-19985
-18069
-511
14174
16094
26254
9465
-14762
19736
-7619
3919
29474
-11691
-26772
27569
-15378
13791
-24797
8049
26379
-11912
7022
6544
18890
-1362
-15616
-26526
-25859
11712
31997
26620
28738
-1165
-15439
11940
-26878
-12134
-31512
18426
-9829
-7147
-17981
-12900
-17051
-28118
-11056
-19323
6472
27426
23963
25801
-1788
12203
13067
17219
15954
7638
-14161
6385
16148
-14342
-21748
25875
-20149
-9950
2117
-4174
26571
-14597
-23502
30490
22694
-31899
15364
16671
28866
-8930
-30013
30428
12257
833
-22211
-23682
17883
23881
-2409
-1350
-30357
796
14541
-22528
-21001
14086
-19194
14501
-19300
14724
14500
-9486
-29881
-628
-31006
4941
-17275
4264
24776
16162
5671
10771
-30983
29119
24786
-21234
25809
14200
-26637
6520
11521
-30077
11620
-19515
10676
11428
4112
2005
10195
24651
18093
-15504
-24371
-11452
27103
32219
447
29080
23230
-980
30084
23808
-19476
18151
5530
-23144
9454
11425
-1515
2102
-10142
-17063
-13692
9954
10830
-5419
13931
14715
-10140
24470
14329
8160
21014
-21794
-8908
-19959
-13515
-20837
-24058
5752
-23587
26165
-5585
-9271
6918
7360
-10523
8916
23077
1744
-3696
-22335
-19629
29402
17539
30645
-29844
-14863
-14093
20253
-29470
9895
13539
-4872
21479
-22984
-21184
-13575
-25664
-22113
-9218
9507
-14008
1080
-28679
26366
27851
22339
20415
-12814
15278
21362
-664
-4322
-10752
-10967
24057
10609
-21224
15224
-16064
-8216
-27688
-28915
28923
-19162
32364
-29927
16978
-26902
18061
-15856
-24538
-19298
-10235
17795
-2281
-13975
21610
27667
1554
32185
-8446
-18570
8206
-2634
20287
-25126
-7698
-20585
6202
-28138
9691
18710
-27437
-21153
-5485
11379
-21715
-24890
3421
22548
-15672
-8007
-8773
-10360
15189
-24757
20738
1248
-1709
23151
11885
-29434
-4026
-6629
12277
14841
25022
-21
19506
-25201
-6492
-22518
-17389
11052
-13230
-16342
30727
31409
-7990
-30295
14261
20278
3037
-9053
-955
-18482
-13651
29284
27532
26433
17447
29215
-27721
-27485
20621
-776
8145
-9835
-15192
-17801
27887
-28574
19130
-22115
-3373
-14918
-1369
-16917
-4267
3085
-28419
-25074
17681
-2720
-1606
24024
-138
15734
6231
-9543
6872
-15750
22931
-9686
12263
-16187
-10879
-22353
-19401
-14572
-32313
4605
3438
11270
-20575
17763
-18312
-13140
-16963
28137
-18059
-29131
10201
31485
-27801
-27980
17049
-11923
1799
23340
28074
14767
4355
29992
10549
-6025
-8382
-29483
20786
2731
26773
-21114
-17095
2669
-5706
27044
-7682
8325
13709
24726
12773
15792
21653
9049
6370
20613
-13649
-10919
-25210
17477
-13128
-11406
-22014
-7633
-29668
30397
5481
-31965
16175
24527
-2426
10515
-201
-12331
-22866
-10363
-5519
22349
-25828
-24474
-32173
30582
20013
8074
10402
29255
1957
8805
-18165
11813
25196
8904
25596
-9145
14906
29742
-5365
-13802
-6193
-23504
13522
2344
31151
8318
25409
-31332
30379
24125
19430
31461
-19879
20267
-16435
-11811
22228
-27552
8257
-7329
9298
21389
11072
-4832
-32739
32015
-11178
-10770
-14400
-27242
19063
28322
-28631
4174
-7923
-20638
11094
-12285
14761
29328
-27947
-14254
7238
31736
8384
1656
-18913
2928
-597
-21551
30053
-24302
-13333
16920
-23930
13702
-13404
31255
-30033
-23683
-25004
1279
29697
-30482
14587
-4748
20078
31046
-14292
5909
-15265
-14353
30158
1006
30028
-15709
-29792
-5345
-8360
-31605
-3855
-10395
12882
32526
3096
-71
7200
13814
6423
-438
-29804
22349
-12192
-22514
2561
11531
12146
-17593
23450
-2409
-19251
-30585
-20510
-21022
18500
16611
13343
-2811
-7139
-4727
-25294
-5987
23489
29243
-16110
6123
-11007
29850
-29207
25908
-15356
-25565
25295
-11884
2899
-4429
-7314
11455
130
7411
-22419
-9761
14007
-30053
-7788
15435
16440
-13570
23924
-4416
-21257
-4797
1150
-16231
7628
15234
15383
20723
-22920
-16242
-22506
-14775
-1078
29366
29607
8166
-13056
-26617
-28366
20144
16500
27106
-27397
31086
-19663
27911
25979
11109
25253
-17394
11218
21149
20931
-4679
10311
-27538
5346
-3000
9104
-3161
9326
8039
32543
-19725
-3902
10373
-1782
-1461
22280
-5386
16631
29303
8579
1197
-5297
16403
17458
-8342
26980
22895
-18524
20579
23927
-12889
-1646
-19368
-7701
-1332
15173
4113
14651
-14025
24272
11830
28910
-24096
8766
31343
28013
-9271
1028
27911
2848
11233
-7283
13236
-20493
-15171
21035
880
-21685
-1079
-2472
-18665
-169
9290
16294
-18374
437
-4810
13679
23411
-32661
20837
-19485
4963
-13402
30703
-8882
-31466
-15761
-21680
15101
-16996
2234
-11891
19016
31533
-23728
8575
-18621
-2940
21001
13319
32731
-3501
18141
8027
-4913
8546
-32371
-3340
22883
-5323
5537
-12190
12690
68
24446
-25829
-26559
1566
-1196
-32508
-1270
13727
16822
12119
6405
-22905
-31068
-11900
-8683
-7314
-2309
2264
-7415
-25402
-10275
25868
-24316
-28327
-14840
-12827
-10747
-11927
-768
-580
-19880
29652
-30896
-15654
-1183
9231
-18536
1112
-21909
-30374
-27825
-12167
24034
518
9973
5547
-29093
-12365
16615
-2751
31026
17159
27042
-24546
-30932
-19018
-11282
17683
-32341
16488
-31385
-12083
22717
3758
18192
-17207
-28741
-25706
22370
25064
31730
13067
15552
19948
-9079
-10529
7815
2721
23854
8293
8797
-1001
-6347
10932
260
4881
-18089
-12896
29028
-32118
-4698
-24015
3379
26750
-20675
11164
-10757
4625
-8294
-13620
-12163
-24914
20598
3964
-5860
20130
-5569
5658
1374
-13085
22339
-28430
-17685
26446
10786
16003
24941
-30154
32264
-18088
9537
29347
-2862
-9205
7378
27863
19756
-8
-27987
-11029
-14351
22461
-23456
-13658
-24296
16954
4920
26933
-16234
29466
30637
-7315
-28371
-32603
22301
-4777
21609
25029
10785
23255
-24172
19129
-10762
11558
-16026
706
-4162
-5440
10676
-15082
-9224
-25491
-28369
-17617
-9501
12678
20660
24559
7002
-24968
17272
25452
-15152
19755
25680
11583
13592
4889
-16833
-32252
-16865
-20477
23756
29184
32371
17713
28203
7919
-32588
-19963
3992
24019
-526
28343
26153
-31002
7799
12348
-10053
5717
-16476
-20057
17755
-8310
15103
4552
-19214
-3739
-18019
-4216
-409
-1103
-17705
-8451
13084
18602
-19985
5359
24893
13277
5728
-4589
14507
31042
16671
7326
23236
-17007
28593
-13929
22865
-16420
-1994
-24806
-3709
-24653
-29135
-5450
14163
15497
1063
-10382
-10179
-15657
20445
22986
-10724
15808
-8484
-74
-20405
-11434
28339
6992
9130
-4534
7109
-15899
20761
-31031
17085
-13443
6823
-32499
-27605
-3689
24085
30299
16528
-20702
19218
11779
14489
-30674
1193
4400
-6270
3680
-8068
-32327
17195
27182
-31884
-5493
16986
27809
8310
19005
16695
34
-20014
-1856
16453
1557
3455
23605
4076
9439
-11378
-19011
28449
31758
-16992
5378
-14285
-20399
-8571
-6579
19799
1923
-20401
-31593
13739
-24286
-1787
-15415
19222
-25304
12519
6977
-28097
-18177
17792
2184
14682
1107
21383
-29964
-10102
5604
-6162
-18206
10780
16869
-26443
5980
5212
-11300
18010
7119
-28387
-3297
-5928
28898
-7875
5057
-12902
26032
-14115
-32582
1082
-24965
-4870
-14455
-31419
7288
-23182
-3120
-13398
18456
-11716
18035
12396
8145
19949
-28296
-31985
18723
-17967
2154
22972
-768
-9725
-12631
-4413
15679
-2248
-7899
20923
-5127
2993
29119
25616
-11910
23038
-23917
15680
-29806
7170
-21934
20159
-4060
-31125
-26150
29988
-13501
-21304
20926
22317
-16146
-6519
18593
27106
14273
-15972
20003
-7940
-9856
-22838
-25224
13801
10055
7028
-11002
19448
-24629
-19036
8521
20883
17177
13388
-30759
-22907
11763
-13231
28729
-17862
-11062
4586
14863
17116
-15786
21319
15784
8195
27946
13129
-14867
2399
32140
631
-24191
-20735
-6151
-13625
11845
-864
23054
6781
-17682
2745
9324
12864
-24330
-32223
-31146
-16363
28158
-4025
29731
-24655
3747
-13361
-3286
7824
3182
15190
11438
20067
-3513
-31197
5277
28527
-20184
21820
-9840
15048
-2576
-27613
-1796
-5253
-25644
28480
11653
-907
7707
-23254
-23472
-4189
-10694
9541
26711
22115
-8011
-8696
-18812
293
-19564
-26769
19538
-586
-23778
-14608
835
-24952
9494
3408
13391
15513
-30771
-22073
15086
-27011
20595
-29479
16942
-889
-29296
-27546
-6621
27507
5473
-32177
-26016
-30207
20591
26211
-26698
-27687
27517
4442
-26638
-12424
31563
-15280
-23086
229
-14772
-18476
10906
23020
-21440
2757
28002
-19581
26341
22806
-27516
13275
2891
-17673
19582
-10702
-22638
-18555
6682
-6876
19361
17053
-16788
19137
-18223
15444
14553
-7916
28752
-28114
11450
-27693
-19673
-11666
-4651
28876
13804
-2611
-18369
17458
-19252
-10051
-13298
5032
-15262
26520
5147
22428
30731
26588
-9332
27436
-24228
-7811
-131
-4179
29114
-5358
-14375
651
-9149
-11748
-3041
-19454
-17242
-2568
-25396
25044
-11756
24779
-30014
-16283
9969
-32758
-1288
19398
-30310
-13854
-24112
2478
6957
24974
-15245
-6868
31937
-12796
20055
22735
-12165
23073
-24927
5332
13497
-31161
19562
-31059
31074
23351
-16574
22982
-1041
-27389
9775
7247
-16324
26911
18926
14789
18241
-22752
28620
-6386
1753
30543
25370
-29153
7699
-22685
-17660
17823
11421
27046
16577
21764
-8266
-23380
-7231
6490
19509
-28378
26177
-31864
30981
27253
-17066
-10026
12305
-9814
12291
-28711
-21869
-20110
177
8174
-9633
24686
15013
19541
31396
-11086
-28541
14153
-3654
-9614
-29805
-24742
3019
-244
-25404
6
-11989
11856
-18987
9989
-12211
-18737
-7733
-32231
8763
21639
13411
-23128
22622
-1994
-13437
-250
-3111
27988
-25554
-31730
-1401
-10247
28669
-12053
-29814
3830
32329
-22585
7917
10581
14379
-15320
18868
24099
4480
19267
10330
-6037
-2998
1547
5568
27549
-15215
-29453
-26605
-19154
-19264
-15862
-14700
-17109
14
-12724
-28543
11064
30083
-13430
-9289
-9189
-27825
4760
28621
6109
16427
-18742
-13240
-12177
13987
-4720
8498
23348
8568
-19278
-16634
30961
27374
-7298
17038
7941
-2961
15767
30348
-15041
28531
8302
8346
-10
-30027
-24421
-17174
18860
793
-14836
19377
29635
23390
13156
-29285
23965
-12825
-11947
26707
-21494
-7963
-409
-1883
-25294
-18344
17115
-23760
-16606
-31006
-2065
-14750
5315
6571
24712
-9067
-976
-22531
-7912
25716
-16883
21527
14901
-13729
-30360
-15568
-2596
25765
-1061
-31457
-3772
-24505
25182
7381
-13422
-7269
4520
23410
-5444
7143
-15181
28616
-15101
-17151
31024
-15306
24303
-11968
-31828
5038
-12765
-248
18153
-21659
29889
15220
-15449
21677
24816
-4208
31367
22412
-23219
22033
25259
-18430
27716
-30941
-15454
-22894
9119
-22056
22051
11864
-24855
17327
-20002
-9253
2915
-13206
7321
20319
-15476
22840
-2167
13236
-16662
14393
26469
28647
24480
-12019
22306
9932
6993
20530
-4907
12839
-20149
-3092
7081
610
-12269
-20381
-2703
6838
-23626
-11400
-6211
29897
1397
-5334
18072
-18853
-2413
-29508
-24589
-11363
10348
-22005
9151
10413
-554
-31333
24470
12773
-30987
13964
-27589
25111
-1530
21193
-10482
-6943
15556
-27052
-29211
-10413
-29058
-20398
-21739
-7287
9206
-11827
-16788
12950
18429
9372
14608
-11595
-20450
-20209
-23250
-1500
-29068
-12251
-4278
11338
5137
-25377
-4208
21292
31702
24598
17359
-25501
-5993
9286
19144
-32369
-18902
21226
-4237
-12398
-14559
19765
-3127
-20908
-5824
22653
-26736
-29946
14390
-23419
19638
14615
15484
4583
7020
9619
28274
-32160
-11389
10352
21147
19712
31571
-5776
-20441
-9023
-5041
17281
32745
-30944
7162
-32333
7928
-27262
-16498
30661
-32467
22349
9317
-20590
-16889
13664
-32529
8010
-20755
-32350
31552
-23082
16707
10235
-4040
20419
-14137
8959
-9945
7161
-27819
7691
25102
-17929
-18814
-15378
19097
-2070
30203
22189
-11383
1936
-8450
-9561
-15549
4318
-28388
-3623
19350
27098
207
-13472
26053
22930
12036
11609
24236
22942
-32075
-8077
23409
-30029
21555
-23157
-5462
-3938
-13863
18354
2572
-8071
19058
-9918
8948
15953
31977
18614
-2502
20277
22416
26130
24014
1502
-21579
15258
9451
-27324
4282
-30882
-6556
20706
17381
15231
-20677
-7555
-20527
-23205
30176
23446
-3078
-29387
18580
1638
-7323
25320
-7422
31002
-4110
-6816
-8353
-26784
30067
6704
-18113
-31391
-24978
663
-12785
-10728
-17940
27827
-18333
-30288
24767
-17234
21982
27873
-31601
-10954
-12813
17967
-105
19291
-6739
-18435
-31580
17136
7115
-14096
14279
-20085
-25076
30700
-14637
-30472
-17839
-11185
15833
-22097
32326
29091
-31223
4806
-8304
807
29741
8512
-30401
-14404
21863
-6571
-15615
15478
-19492
-28272
-21056
5710
22124
-11120
-21810
-15895
27793
12706
22771
-22747
-3303
2113
9310
-20655
-18463
-1782
26501
8513
9953
-4642
-23920
3056
-27547
-20975
8163
13191
-9705
-17986
24726
-1135
-14463
-32158
14908
23664
1336
26013
23266
19238
17830
-25468
6393
-24360
31114
10890
196
22329
-18276
-20948
-28015
-23333
10
9654
-5797
25308
27867
25130
-23565
-27809
-7203
16338
11316
10414
-28902
14605
-18001
21872
-28136
1375
-19681
2163
22644
-22512
-10336
26925
-21043
25475
17652
-21990
1426
-29119
12743
-16478
12022
1094
14669
9451
-8949
-16026
20643
-25392
-3331
27821
29081
11150
13191
14325
-30797
-18065
3976
3486
-16538
27589
-21075
25132
-7975
886
-21955
-717
-23241
-1369
5709
23171
11647
1314
361
-20967
-6900
19934
-3809
-11278
-27383
29131
-2034
8858
-22837
23423
-23250
18518
19336
-13844
-15872
-31002
16098
28645
15111
-25818
-7566
15904
11686
-30568
23999
16243
340
-2686
-27088
216
677
-21306
-15805
-9311
14915
-7082
25840
27592
-10145
-29746
14860
-27463
-13627
-17919
9605
-22225
-5734
-10260
9854
7170
-4102
-1181
10551
14439
19771
-7611
-20092
-8853
-6110
-23278
-21328
-8288
27539
27973
10090
13945
-21442
32239
-27480
27107
-4721
-14686
14355
-29419
-13766
11202
16429
23896
2449
-11069
13284
-19574
23401
-19640
-525
-30742
-32331
2223
30147
-27705
-30722
-20325
4573
10702
-30359
18608
-3592
-10282
-31776
-10427
16665
-11691
-678
21211
20278
-3799
-5548
8483
-5206
-1926
-20354
-22239
-4989
19808
31461
-16058
24557
24201
11284
-7703
-29679
-1211
10800
-21089
28771
-10628
-16599
-2195
29105
19799
-7501
21570
-15537
-10289
-11271
-24627
-8184
-31195
-11199
-8867
19582
16077
-3160
-21630
-20958
15345
5318
24712
-11084
-21760
5343
-6563
-6479
23190
-26225
-26791
-5236
11651
4295
1958
21829
-25420
-29153
2578
-15407
-15556
2395
-4569
13757
21305
9432
611
13334
15456
-7724
20347
-17158
-13090
22268
-15244
12582
-30549
20330
12777
-27334
17070
-29311
2094
1168
-26468
-26940
30329
-19333
9126
-11673
5531
29228
27150
31589
20679
30715
30765
-32465
30545
7978
19796
436
-9382
-31096
29970
-26677
-18928
-28032
-6093
27498
-30473
-20248
-14011
-15553
14172
18260
749
4967
-5845
14780
-12325
10982
12893
13377
28023
-15039
-6124
-25238
-27473
12605
4202
13230
-3846
-2699
-13171
59
-19207
-9207
24906
22654
3707
-19997
-21725
2512
25249
4489
16642
-2771
-32228
-4362
7903
-3853
-5121
25142
8566
6372
-29251
27514
-3995
2840
15116
-31211
-11420
-9931
26883
-5825
-11587
9219
15216
-8753
-19172
27713
15146
30113
2288
11364
-5503
-26309
-9303
-24628
-21097
6904
-9560
-21796
6563
-10293
-12382
-19380
7546
-4653
-4399
-17213
-23756
-7332
326
-30531
8867
-9087
27201
-22614
5282
-29752
13191
-24367
27361
1344
20019
11260
-13436
30135
-20120
22282
28237
-9696
-25454
7146
13472
-24840
26961
32530
19194
10403
9122
-28608
27648
-25050
-1952
-15258
13671
-26140
-15923
-1516
2336
24895
32616
4731
-2337
26055
3892
-10189
-20760
3807
-3835
6856
13423
5557
-17997
-3153
16892
-13106
-29670
3237
25778
20493
5438
-10976
-26196
28330
30417
-17718
-30651
30394
23751
-17175
-16934
-24420
18460
26601
-10900
-14033
-8268
11383
28159
-17969
9550
-23054
10956
-27029
17917
13078
-14090
-26265
-29398
24425
-17875
-12078
-28053
25227
-12265
31065
-22300
-27360
-27726
24213
6076
-15829
-3714
17670
9979
-25691
1109
-17126
-30023
-22331
-12325
-14106
-21768
-4094
-26894
-23010
-16637
-473
24033
21691
2764
3870
-26056
-8756
-9604
-30828
-1574
30166
24
-13385
4285
-24930
-21821
24787
17171
5691
-18278
6398
20589
9266
-16633
3707
-22670
-31775
4604
-30160
-24485
21476
9741
16346
-9006
28675
4187
16222
-11901
12997
26139
-6406
16150
30589
-18291
-26949
-32579
-12467
9214
10695
21153
-3308
-25082
-26729
17454
12257
11713
26484
17823
-28688
3453
31677
29823
-22355
-32067
-5336
24330
-29273
30244
12517
11333
-23549
-7770
-18139
-25457
-7475
28748
29005
-25898
-1888
19549
3102
13959
-8501
32320
-5308
-27970
17186
-28311
5854
11972
17124
28055
26293
27584
-22898
20314
29206
25407
-21073
-6583
-8136
-9517
-20579
-31475
-15998
15499
4534
10191
17449
10600
22732
-12857
4679
-28735
28978
-14335
32712
-28382
-19181
-11202
23527
-16374
-14376
9759
3669
9191
-12524
716
752
-30482
14317
-6700
-8338
-22787
-15528
10304
-26632
16416
24725
32546
11971
-25823
15376
-23351
8463
-4875
24823
-6554
10260
24536
7777
24270
27107
-12343
-30361
-17091
20148
-7792
-25006
-5171
-25572
-9754
-18166
24781
-9198
13118
-23415
16461
11046
-32063
-19614
-26133
-26509
-14981
13941
16143
-49
6343
21024
-25735
8599
10434
13938
26584
-14785
13037
-19482
14167
26265
-18341
-29517
-17372
-15049
14432
6518
20756
20820
-11782
26922
-267
20429
20341
-10045
12457
2507
-25782
3324
-24766
-30632
-15154
19069
18062
18835
3467
-25495
17533
19435
-4339
-30339
26805
-15772
15541
13073
-5744
-16289
8199
7561
29309
-16804
31553
22661
-15023
-263
-13440
-2652
-27669
13126
15091
15122
29774
21006
-12765
18830
5719
29108
26072
-2269
-1235
-5627
9409
-10095
14266
15543
-4686
19162
-20183
-22023
10578
-10431
32318
25006
21289
5819
-14690
-28447
25337
16489
-29922
30074
-21248
12060
11069
-12588
25939
13940
23544
27890
16209
-32163
-12851
-30809
29479
-15968
-16822
4428
-26641
32445
277
5041
-19298
16469
-28796
1748
22882
28286
15420
1283
26994
1413
11988
-2992
17858
-12365
-28081
-8887
19735
20136
25955
24037
-17184
-7467
15838
1290
5608
-22649
6981
27458
7308
-6346
29299
-10821
29383
7202
27591
4986
11755
-22003
-10323
19501
-1770
29642
-15619
-7921
-3426
-26259
3076
27289
8812
-2392
8047
9952
-18559
-30879
-1111
21673
2985
6753
-10058
32562
556
-19484
-29989
-10029
27036
-29763
-5200
29352
-29170
-10558
5294
23059
18552
11487
-24193
1578
14813
14725
5057
-19929
-11355
-7557
-12522
20995
23819
31624
15391
25317
13200
1597
-11712
-3262
-5576
16209
18920
-29439
-16753
-21712
-24986
18951
18720
20692
26486
-16909
23651
8271
31507
13007
24419
5308
31726
-23999
-14690
-11448
-29918
-16727
-26612
-9355
17561
3244
-28947
-24484
-25690
-19878
-3143
25958
-25515
-19377
-27079
-24082
-31776
-14985
9151
19482
26413
-32407
-32514
-27838
-6831
13583
3274
3883
23082
11426
26831
-24058
29388
21452
-30618
-9995
20354
20881
-19506
-25693
-14244
-24712
26366
-4692
-25110
-8165
9155
-11513
30
11719
6564
24647
-1555
13604
5888
10774
11375
-80
15013
-26058
9220
-10686
11415
-8982
-3957
-32684
-19033
32629
-31062
-19570
16704
30454
18602
-30379
31683
18657
19655
-2077
-18462
-10848
-9946
8209
-29884
1371
-18322
-2533
5167
-5673
26743
32726
21915
4494
-16267
-28879
-7643
-22537
-2779
22422
-21679
29364
13681
-32479
-13105
27376
-27947
30553
13875
-11381
-5821
-210
-20859
25586
-12644
-22694
-10082
-14606
12158
-27827
-5086
-1976
18417
15306
8170
-20620
-5784
22798
32281
-15131
-2064
32155
13416
-6502
1125
16838
3352
-24404
29083
16629
12494
-21987
-10084
20874
14356
-7946
-7730
27909
-28865
-29389
25055
28622
-26736
-25738
20481
17435
15446
10075
22949
27795
1774
-5253
-25696
6765
7180
30530
-29088
-20164
21478
-15426
15425
-22735
-30499
26971
9030
-25855
8331
-22259
8501
16857
4123
25655
-767
7385
-18810
-11704
21930
-12000
18443
14931
32359
2311
31842
-31739
-12378
-6665
-21662
-17999
17096
-10831
29418
8491
-31408
11225
804
20482
-21324
-3291
-24086
-27491
12671
-8463
22169
-14520
-818
-3748
-1769
27695
5961
-29560
17727
5006
18172
-12607
22973
-22543
-13637
-6333
10142
16179
27837
-5581
-22459
1861
2668
-13304
-8793
-20420
-10374
6253
-30524
-28065
-26889
10292
-20174
-23322
15894
21885
-28673
-23819
5379
15043
-21634
-20141
-22934
27728
-25166
-18461
21754
-32762
30879
-30344
2031
-3686
8233
-28606
22207
-24743
-15465
-32611
-11185
1601
-27481
286
-26256
15944
29798
-30776
-21647
-25614
-6737
16529
18623
22357
-16226
13134
22281
-18106
-11098
-24162
32578
-4541
-6208
19542
-11130
10372
-4700
-28722
-32107
-14347
25302
29175
-2720
27293
13488
-23353
717
11830
-19128
25529
-20905
24692
10601
-10088
-19359
10349
-8883
-20344
24275
11282
-9174
14969
22781
26186
-12916
-507
15506
-5805
3460
9567
5712
12666
-30247
21588
26248
-20786
29988
19823
25852
694
-4094
6010
28938
24176
-11749
-2190
12438
-9852
23117
20439
32470
-10474
6592
-29734
-19872
-27810
-18489
-29336
-12461
30975
5653
-20058
-17734
8788
-9495
-17995
19389
28422
-29616
20757
-16875
-13287
7364
-9148
-12282
-1782
-22167
-6450
-31525
-28557
12694
28010
-32020
-19619
-25622
-19765
-20935
2790
-29760
9712
3462
-6142
-9224
7457
17127
-10676
-19627
7876
-23406
28404
-4133
4542
23497
20896
-30082
12455
-18152
2281
-20621
-5914
-23467
11786
15401
25352
8728
-11268
-11388
2375
-28243
-11939
-18717
341
-20033
-19295
-15011
32079
23540
-8326
10388
30024
-20456
24880
11291
9589
-8239
-22713
-24124
22223
16959
4714
-4239
-639
-13269
-29281
-26066
30699
12938
-19789
-14700
26204
14597
8410
18951
-7932
-11555
3078
-31327
7589
17621
32209
-20124
13346
-8245
1039
-29333
-14856
21073
-32728
-9761
31127
-11917
18481
-11784
10198
-6953
3026
-10533
10691
13540
-27799
17548
-32480
-16431
19427
-14261
-28250
484
-28154
-10405
8662
-15705
-22165
27375
-11306
-30126
-31769
-2373
-12179
1278
15825
9688
-29917
10951
26961
6565
6030
1617
31190
25305
21186
19267
-22440
-2565
-13229
17774
992
8108
-15940
-21082
-18527
-30443
-21542
-16881
3270
17982
4685
24203
12104
-28140
15498
8712
-14740
1467
-22446
17333
23933
-12186
24273
-19787
30516
13210
11278
-25449
-12250
-16441
13112
32594
4544
-5791
10392
32182
-13863
-1742
-7119
32516
1665
92
-12400
-31663
-889
31922
25319
-24117
-25871
10807
-27156
-15654
6730
9438
23639
-6165
-20961
-18327
-27067
-32065
-29477
-467
23836
-6436
-8050
9338
-25844
-18990
-926
-26229
-4208
-17198
22820
28421
-31595
-2433
-30282
5539
20678
16793
29141
5553
8572
-16892
-11087
20753
10775
18270
-23574
23186
-5676
-11776
-14435
-16625
7671
16934
29089
19461
31980
22926
26616
18332
-32693
-12264
7246
-8015
-14297
28209
28
11217
-2109
-3059
-2437
-27801
-5541
30920
11640
1027
5392
32552
-13333
2176
-21061
12183
-23432
1341
15538
-7524
-11880
30301
13046
-3410
7854
-2989
-23793
5341
-8483
-9383
-8926
23334
-14594
5986
1939
-3237
25556
30305
-13649
-7021
17193
-9444
-17545
-13600
-25333
23515
-15922
-998
-29506
22735
12430
26379
-31137
26608
-30297
30185
-26312
31158
13350
29042
5820
-10931
-12639
18660
-16482
-23608
-21129
19137
-12915
-30082
-26151
23787
6944
19513
-26434
-21902
31234
31740
-2700
18360
19190
-25320
4655
2420
-9385
19102
31806
3873
29715
27600
28351
-14806
-1623
-4608
28033
19249
12271
-27982
11420
13288
-20796
31169
10339
3762
-31081
3435
27385
28755
26321
-17803
29310
29347
14823
-25382
-15936
-5372
7098
-13927
-29167
16677
19358
1291
-29709
24233
7188
21246
-19060
25593
-27770
-16602
-15273
24829
-27761
10559
-13845
-25905
4223
-24958
25483
-28907
-9036
5440
1450
-25418
26241
-1572
26973
21452
-15002
24222
7575
17098
17963
1807
27688
-2642
9509
-19583
9552
-4232
-20519
24106
10945
-11084
15869
-17797
31869
-10024
-28960
12512
-13285
19108
-15250
19227
25487
27048
26675
-12377
-30858
22931
10187
22934
-17679
771
23011
-22214
20303
18526
-25698
23068
5794
-2353
-23552
-16518
11929
3153
-25378
-9072
-15465
-14087
29407
-17425
-2274
-765
25388
6721
13285
19161
-11197
8345
15253
24295
503
31269
14729
-14090
-29187
21218
-13702
-4945
30755
-26618
21414
-22545
-11805
25521
-4872
-17108
-22441
21450
-25352
3689
1601
-392
26659
-3270
-20380
32150
-11041
15811
-15853
-766
-28485
21350
15253
-8810
-20011
-16105
-8521
14478
23977
28991
-16345
-29090
24020
-16769
-22271
-31850
-3183
12188
-25827
5770
9240
-10869
3017
28533
11950
-4115
5673
480
3682
-27787
23915
21784
23841
-17342
-29877
7172
14144
-5909
31190
11307
-32458
24897
16112
23988
31336
31110
24496
-11425
29244
25765
5394
9569
14789
29300
-12342
13198
-20359
-6624
21478
12188
-18068
-7127
26165
20897
940
2229
-31743
22437
30798
23820
26968
-14028
19247
30445
269
24037
-18540
-11710
18062
25455
12097
-7804
-11255
-29632
-25633
-3963
-14771
-3535
13058
25786
-244
1677
7471
18069
15083
-31245
31493
1054
15501
21163
-8868
9569
368
-2750
13330
12220
-2694
15375
11687
-4809
23653
-20060
2736
18946
-26243
26083
-5795
20824
4862
-21227
28879
19517
2020
-27779
6406
-9292
7352
12033
16462
18818
-9230
-14593
-8459
-15282
-25906
-12039
-3701
-11912
-21500
-17830
2661
-8094
3928
-30089
28321
-898
13119
-22937
10880
-17769
12870
12902
-8572
22705
21879
-23335
-3086
-20903
-12021
-12312
13441
15451
17069
16588
-4505
12884
468
15560
8995
-27601
24297
-14004
-6406
12226
-21729
30491
15167
9339
23570
23497
31513
16142
2488
19164
17891
15007
-17245
-21991
26131
-16890
-22243
6060
32576
-10750
14814
7408
-1858
-31281
7035
22625
10189
-12899
30804
8220
-14613
2849
-1279
-6193
-31288
11266
6768
-17992
5373
-18207
-3922
18970
-1254
-2079
-25680
18559
-23461
12694
21315
-24436
28927
-1704
18968
-6335
-15759
6927
20875
25485
3513
-12718
-20140
-12221
25087
-2769
28976
-16103
19331
1639
-25321
11013
3857
14800
32536
-10515
6008
30839
-19647
-22935
7773
-16784
-21774
28647
75
10949
16538
9123
-13637
-144
-11745
-28442
-27605
8770
-10381
14385
-6473
-1747
-16640
-32343
18351
-21409
-2158
27826
23545
30715
27982
-5346
-8412
24490
27241
-20752
10577
-11317
-2198
-18046
-16
-15830
-850
31279
-21951
13271
1604
-31858
31995
23228
-19997
10933
20269
-21854
1058
14045
22894
7399
2908
-27532
-16319
21208
-857
-19541
14672
6707
7519
11683
9819
-27517
-21925
20958
17558
20116
-4576
18568
15001
9854
-14065
-22588
-4109
-31921
10086
10583
-13130
29223
650
-4891
-19575
18294
-23793
-6607
5180
-10424
-13756
29905
26652
-20316
-31172
-1814
2676
-2855
-7986
17563
-11831
4887
-8952
-29228
-8883
15470
25176
14229
-3991
-8139
11056
-7862
25712
8046
-23294
-23641
7390
-27325
-12070
-16340
-25804
3788
-6735
26260
-1427
17130
23502
26853
10066
-4044
14911
5809
18045
29807
29316
3181
-368
10670
17458
26739
-12562
-26724
21124
-2830
10907
20871
-5120
22290
-26076
30495
-2757
-9559
-30503
25622
-25957
-5887
3524
11100
-10820
24400
-5374
-14373
-31430
-12309
25697
-27719
-14439
-15826
5346
-24738
15750
-20886
29636
-1521
32536
28677
-29360
11966
-26878
1316
17279
31945
23974
7986
-9390
373
-16975
-9481
16528
17559
24736
6213
6138
-27576
30467
-32559
11260
-1916
13426
15969
-10007
21545
-25936
-23427
1491
-14505
-5290
9128
-26312
-6030
-965
-27213
-14779
-5604
-2739
27836
-25679
26808
-7855
-29204
25651
-32033
-26870
-28139
15889
13812
6548
-30165
28950
-21647
10127
29292
-1281
-3731
27063
27903
23003
3802
28034
18137
20781
-3343
985
-10709
26939
-8470
-11811
4831
22670
-5424
5504
-24955
-12346
32755
-21854
-21344
2222
28881
-27306
28450
11503
30399
30997
6846
-32647
26321
27806
-22188
1491
-15942
24524
20554
-13600
-11999
-22988
716
3971
14418
-24279
12106
-22766
-44
15048
8940
-7248
21408
3344
-26296
4025
10835
-12128
-30672
-25855
13446
-12382
-23289
22127
-4797
-30544
-24573
19523
16873
25814
-3762
6887
18747
-28966
-1750
-22268
15615
-26486
-288
246
28337
-7955
-7026
32555
6627
-25952
-6408
-8781
-31267
31716
-20611
23662
3679
1039
16109
-18620
-20594
-4919
25237
25246
-13942
-31207
14494
-20091
-31099
-15114
22329
25553
17025
13184
2878
2036
3981
10740
-1365
-12359
-7114
13943
-24330
-6710
30952
9519
2093
27079
29882
-26472
-16006
-5861
9478
-22093
-13646
31406
11220
-15664
25182
-28890
11739
-20557
30350
-7898
-6981
-28399
-153
-6095
32205
27264
6443
-19932
-13784
-26757
-97
-5472
18027
25870
-13765
-27644
29528
30733
-7500
-23440
32268
18992
23233
-2775
13704
24926
28094
9575
-30443
-15999
28424
-15224
-5561
-17512
29631
5055
-24394
-3566
5225
-10725
-11908
9331
20590
-22340
-27843
22108
-34
7882
-16166
-14096
31828
-18606
-13813
-24783
-29224
-16892
32280
-32279
13880
13111
6232
-14737
-4224
31475
2171
-14934
21784
-28010
19334
-8156
-21024
-31417
28344
7643
12871
28254
4138
664
5138
-26475
27528
-13099
-21450
-19360
-29741
-29086
-26831
15424
20939
-11969
24715
-22165
12595
-29644
513
5697
-8499
-13620
15235
26129
17147
3275
-19107
-4663
-25600
11101
20016
-17982
-5666
-9781
25098
3754
-19488
-22102
-3584
-27388
-26778
-10207
25382
16698
-10991
8131
24879
19762
-23744
4818
15056
-19980
14898
30283
-11751
-4568
-9110
10134
-9023
28071
-15735
12500
7205
-6587
16340
-20983
-4014
-10173
-22028
31953
7976
24722
-19636
-12389
-19672
-6186
-20180
26005
-21968
13039
-7261
-6947
-14970
-22142
-18273
-4155
25051
-13863
20249
-20463
-25083
7545
5973
-4212
-17194
-17994
21586
8591
-24217
-15503
-15300
24059
-20353
-18418
-12230
-5564
16590
5403
26968
3283
20979
23295
22570
25646
13558
-13907
14152
-22954
19429
27974
-16149
-7054
2747
12876
5401
-1965
-10725
-5663
21287
-12924
778
1068
-24802
588
-2144
-1537
4721
-28555
-1197
-8499
-25165
-13829
5469
18519
30753
-7029
-19486
15439
5732
-2686
-30878
24945
-28915
12815
22215
-23968
-17003
25593
-15895
11005
-14505
31435
-7528
5957
-25331
-15921
-21454
26990
7976
-27190
12044
-28769
24675
-28464
9305
20536
8507
237
-18186
14830
-15392
-27586
15227
11022
-1912
-23374
-20695
18109
-7118
-1687
-17685
6911
4995
10671
-32761
-3970
-28508
29871
25952
-12542
-12751
10449
-19341
16879
27412
30333
3458
25924
-13284
11228
13083
-11498
1503
-19601
-14953
6991
-15696
-6028
13225
17768
-16557
2558
-19779
-20848
9341
22680
-1572
-21415
8794
-16781
338
-15672
-19055
-2381
-17138
26490
-5244
-29133
-13846
-32135
-13506
-6308
-25497
-5276
19897
-9306
5751
32314
-26539
-9497
20708
8272
-8211
30912
-23202
-32680
23828
-26232
-1312
-23814
26810
5362
-12604
-4286
21499
-24128
20863
-17678
13031
1220
-7899
-8218
-28475
8563
30573
9
7434
9766
8498
-13557
-20065
-4917
1909
19256
31040
-26372
-3599
-1817
16622
-25664
22137
23313
17926
21199
26588
-24837
8873
10923
28044
-15837
7887
-1155
7099
-2742
10805
-20823
6547
-6716
16287
22986
-19026
-19484
-18162
22950
-32249
-16706
5122
-29543
-38
-13928
-3098
-16436
-5950
-23937
-22565
-21590
25604
-3462
7017
-299
8534
17258
-19720
-5141
8808
17693
-20548
-1560
228
4189
18642
-30082
-25671
2555
22257
8949
-30574
32552
-26575
-25916
12880
-11550
-13271
13457
234
-25211
30653
-474
24460
15092
18953
19551
-16029
-21720
-7773
18230
3268
-27760
-31723
-2074
-10825
23517
-3327
1059
-10285
28335
-21756
7931
-30988
-5846
-15822
-2423
32471
-10947
30131
4513
31279
-15879
30079
28686
13856
4857
5838
11756
-21630
-27586
28907
18643
20372
735
-18297
-5599
9541
-3205
-1031
21010
3380
-17703
-14460
-13270
2642
11998
10841
-6646
-29487
-7571
-31154
10127
-12788
22521
13465
13524
8166
-11150
3141
28132
-24370
28901
23410
-28988
7714
31298
-15157
22113
-30642
27316
17261
-25832
-12669
-498
-14341
-11200
2092
22353
-23320
-27646
18057
-24436
9366
-31453
26201
-23495
-18933
-30074
-19434
10931
12101
-22820
20105
1298
32744
-17580
-9315
-5772
-20651
23683
-24077
-29053
2615
1591
-9121
4462
-29917
3698
-2582
-9081
27214
2729
-2529
-18173
-3277
27086
-17214
8217
26230
29610
29833
-5744
17334
10317
26110
-29753
20223
28855
-27548
-21141
17699
17290
-1239
6075
-24406
-20266
-28964
17046
-18195
-29017
20502
-28163
-7729
-10029
-28356
27344
-30756
32755
-29940
8949
7296
306
-30056
23772
-476
-10276
-1902
-20123
-27570
-23670
-30683
11431
22084
28164
25209
18182
27485
-17111
-19873
-1075
16563
-9264
-3088
6458
1242
-15967
-5463
5413
19198
-12853
-28581
-16185
-23003
27305
19261
17255
14894
8909
-9072
-4652
6765
15977
8025
24453
-11901
-31234
9621
-11514
2541
5639
17147
-209
-20180
29535
-27729
-25368
-26743
18541
8987
-18144
299
-4809
16164
-17477
31774
-7225
189
4180
-10845
30301
19001
14768
-6835
25641
-5373
-19512
-22261
-24806
32210
12819
-17032
-9675
-26209
-24372
-24149
-27269
1445
-16003
-19669
26960
-19006
2451
-9938
-22909
4097
-10478
3591
10531
-11863
-4592
-9925
-11812
32248
99
-18486
8935
5537
9629
-29216
31003
5006
-14018
5472
-9651
-16056
906
-15821
9756
26181
-27931
11341
-15390
8081
-32302
-18571
-13668
26499
-28443
-24214
22959
-24422
-29252
3984
-11793
-7239
-22313
15857
-7188
-24522
-10909
-1096
-11699
11323
-6170
6578
-485
21718
-20817
-18869
23458
26243
-9015
-11471
-31475
9189
17125
-4811
-23550
-18068
-10020
-15667
-17105
3186
18584
15943
30609
13331
-20781
32200
26305
-2603
-17702
-17624
-4886
-8369
-28068
6332
32232
23185
2634
-21549
-11893
-16284
11116
-26108
-2677
-12883
-16051
26185
-31737
-22969
3310
4170
-19057
-4433
16260
31194
-23382
-4314
-5398
-14771
11377
-14757
11960
14798
-12567
-19287
-31397
-15727
3275
19126
27116
-3844
-5132
-29556
-24375
31455
-17874
6476
-18898
16771
-26887
-24424
-18131
6568
-25247
28350
11407
11746
6065
-2370
13506
18723
-25720
-11270
15069
29340
-27261
-10122
10638
20276
-14357
214
27791
25323
21764
9561
-13281
-9283
-12128
-17120
-15141
-263
-1057
-26671
-3028
-30552
3600
29268
-15586
-11834
-29163
-31625
24646
-13933
-26275
9449
32145
-2675
-16292
9421
18561
29206
30849
-29093
16795
-17661
24748
9658
23289
-11794
5922
-10235
-30980
13727
30510
15474
16260
28714
-18145
13473
22604
23320
-11903
21228
-13128
-5424
-16441
-18335
-24639
25867
30224
-24412
-24887
-21219
-9321
27856
-32568
-7790
-19248
-7114
1080
-2208
-10923
-6931
10892
-18822
-23120
-28083
5931
27121
1
0
0
0
