-24624
-26167
-26890
5153
-11724
-8321
31738
1644
-10900
21637
-7619
-25801
-10457
-31541
-8708
24067
4572
31357
-31223
-29791
5163
10383
8228
-9455
-26806
25152
1568
-31517
21796
-21131
-13689
-2082
-21178
-9406
4138
23059
11987
18406
-26106
-9152
-13641
4060
-100
-13495
16199
-8973
10600
-13726
9826
-29863
-8648
-26055
470
-7096
7523
9933
-29775
18242
-27649
-3153
-22588
32147
-19573
-15667
24913
-24719
-30669
3809
6924
-27384
6702
21016
10822
21906
17936
-6856
15551
487
-3409
7350
-20300
-27706
-30903
-8908
-9370
5710
-27848
15475
-20946
-9400
9659
8044
-2196
23455
17858
-187
-32740
-17813
-18228
-539
32579
22627
29368
24599
15912
29764
-27839
-15596
-14530
-14350
19472
-29289
-19354
6094
-29198
-13768
24373
-3485
30518
-7410
2693
17796
17003
17564
26481
32479
-25087
-10976
-29049
28025
8493
4019
31948
-7931
21977
-30508
18598
-27739
31163
2121
27221
-5404
248
-7297
-16817
-13822
-19607
-21548
-5615
20097
1883
-25685
1742
29234
-12045
12261
-5028
-26550
23389
-25601
-28880
24592
-8144
31983
21653
24393
23169
-10868
6761
-18530
24018
7404
23019
32098
-5
4344
-30817
1286
-22140
-18807
-25437
6642
-31959
17154
4668
-2320
-2047
17008
-6985
-7306
-10025
-5065
-30821
16528
-8347
-20822
32273
821
29738
22439
-24046
31424
-8014
-566
-13757
-109
-21722
-22315
-25088
-12651
-29545
-29584
29389
23937
30290
15320
-24015
29583
-25767
3036
30523
3391
-18521
-18343
-904
16807
20666
1510
-32171
-5338
-28189
15301
-7554
-27275
-2203
5186
22814
10903
23188
-15218
-15991
15417
-23771
25679
7328
302
-24348
-188
-20236
-6600
20423
-300
-14057
16224
19527
-24680
15793
-27546
-4665
-29939
22642
-26722
-21448
13210
24894
7969
26954
21966
16112
22414
9155
14884
-23333
4237
-19804
-20059
11206
-10258
-28952
1543
28419
27467
-6928
10143
-14222
-14179
3505
-6009
13468
-14937
-935
-15798
-29183
-12487
20954
10013
30244
27452
9270
15209
28658
5053
-10939
-9929
-23882
-23922
8619
-22216
-2074
-9860
-10840
-18452
16535
19286
-24697
10008
-31042
26774
9568
27502
31251
25666
-9045
17683
13565
16793
-10227
3131
-32228
-15291
-16117
25565
-23014
29780
-30147
-31971
15348
-32222
32483
-24339
27848
-20306
-28467
28083
31057
-6778
19404
-7624
29664
28290
27288
-2137
-25138
13496
-7620
-16562
-28085
-26978
-22373
15523
-14060
24898
27164
14023
-17264
30396
-21588
25222
-25035
-8842
3541
-18900
16249
-12299
-7597
-5869
-11794
16195
8336
-6342
-7612
-28968
30678
-18240
-10553
-1054
22344
26014
-14340
-2892
32253
-19392
28432
-23396
19875
7547
-19688
-12535
25125
-16833
-11196
1729
13303
-13234
25889
-23345
22802
-6242
5886
19042
-30712
9532
24685
11532
8629
26653
-16296
2950
-23343
-7347
14951
-21170
25182
-25876
2337
-26611
11410
-26857
-12549
14824
27935
8209
30291
15690
7951
-14294
6500
-26804
-12561
-32734
8316
31397
11824
-28442
-3688
15138
3781
-62
-27836
-13772
-4987
-7010
-22174
-4684
109
29244
9341
7573
13470
16422
-7796
29187
26236
-32429
12541
-24833
-61
-305
-4994
32189
15269
6022
28902
30431
14622
9790
-32097
563
1844
-14054
-7199
29443
-3461
2531
-6967
3456
17949
-16914
-32704
-1455
-23680
-3586
-20669
-27822
27526
18666
-4701
-8950
4145
-9460
-10630
6496
-29492
2723
-7669
-29516
-11635
24060
-30677
-31321
7977
-28440
9538
9885
6517
-4325
23412
3849
5566
-28995
28124
1753
29488
-29415
-7714
24189
-20366
-30336
-22795
-13063
670
-647
-15444
-2938
-32466
16032
-6505
14894
25269
-12986
28194
4585
-28998
15788
27824
-23852
28837
32725
19121
22867
24381
15502
-17113
29177
10806
28239
12066
256
-27792
-20714
30535
24089
506
25797
1983
31480
10313
-4720
18457
3947
-1684
-31048
3658
16151
25572
-11668
-3417
17762
30425
11199
654
3305
16518
3344
16817
-30766
-6508
8117
21212
-12712
10595
-8407
16515
20275
3076
30242
22782
-17450
5994
-9353
-30170
16877
7888
21543
15063
-3965
26430
13906
876
-29458
8749
-28676
-12644
29495
11269
11765
-19928
14429
16304
32006
6278
521
28503
-26151
17878
-30394
28583
10591
-14635
-27485
-23105
-3001
20313
26644
-8234
22663
9389
26342
2472
-3189
19362
-31774
-28232
3369
-31583
-31944
-2053
4368
-14084
4037
-30666
2665
-19892
-9460
32160
-29350
-29121
4968
-750
6845
28692
-25805
7250
-6466
2510
-3421
20066
28639
-22402
-21556
29585
921
-14519
-2311
29525
-22911
-5353
-11259
-28773
21041
8882
-12402
-18061
29034
19484
-7942
-28278
-30254
-17255
-27112
14564
-14512
-20503
16126
22092
32063
-16510
-13449
32532
-17969
-23836
-22440
32230
-13703
26629
-23451
32188
-29584
32586
-8766
26684
-16843
11679
-6240
-22208
-23086
5366
-5496
-3509
25795
-28057
28990
-15746
-7940
-28225
26869
-4377
23114
-27416
18389
634
17756
30540
12399
21801
-29995
3293
-5141
-14295
3823
15102
15141
19894
17514
10445
-21427
7764
-25956
-13696
6666
14392
26505
-11911
5097
-26689
-18695
4822
-16768
-5182
9314
-7785
-19237
49
-16732
-28319
-31165
-19128
21641
2067
-22789
-2765
-16938
-31739
11597
11258
-1440
11704
-5707
17176
18236
30650
19790
16825
21703
15516
-29958
21564
27483
17454
-27279
11332
-30710
-2444
-29236
7707
-19860
-7967
-3577
850
-519
14227
-5025
30733
-28014
1149
6145
-11684
-24835
-18396
-32526
28674
27324
-32349
-5516
16329
25728
15149
-23702
18425
32134
32352
-23825
-21465
-17410
24972
4458
3114
-32573
-13266
5896
-29914
21965
19270
23334
12976
-27122
17466
21177
3665
5344
-17945
-7216
-21908
-11643
-13013
-7243
-3850
8258
4272
17120
-11943
-20379
-156
-18261
-19264
-6545
11652
-27483
-31241
-27402
706
7085
2982
-4671
-18013
3854
-10706
-848
29035
-6421
-20791
-21590
-30063
-16876
-23790
11684
-8896
-7620
-32181
18925
21379
11773
17829
8061
23315
-2203
-12656
-30075
-16648
12713
-17091
-19646
11359
8591
-28582
-1675
19023
-7484
-21527
13074
-13142
-20622
-12395
-6562
-10005
11925
24687
20889
32571
20230
-3609
-27104
-22752
-18436
9548
-22962
-316
-15816
-8085
-24025
17311
-3183
-2560
29166
-21404
16778
8453
1979
14285
26132
5583
-232
-13435
23941
-25953
15509
-7873
-17265
-5967
3927
-22781
-32619
3008
27054
-903
-25496
13916
15791
12535
-20766
32139
3463
-15081
-947
-6701
-30432
-2727
20283
-14864
-24472
-30337
-22147
-29304
-3642
16350
-4999
-23873
4075
20575
-15263
22215
10520
2731
-2619
-22298
-18482
22169
-26733
-32103
-8226
13564
7244
-22484
-16439
11251
19354
8402
24481
12752
15516
17446
26912
-15522
25611
22192
18374
4120
-9067
-27641
-22967
5346
-552
32698
3836
-16231
-11152
-18277
-14403
21070
25248
-24086
24677
-17617
4738
-27173
17699
20988
-10877
12134
-16358
-21194
-21817
17903
-8578
19346
19230
782
10385
27226
12951
19862
-14414
24074
18766
-1399
25358
-19389
-23788
-31941
1573
14643
12910
21090
15922
-32640
31556
9704
-582
23389
-26951
12200
21213
21604
12414
13800
23910
10754
-27517
-25390
-1339
17875
-19019
6762
-20783
-6838
11056
-10722
-20169
-25035
-28341
15383
-14286
-5062
22951
26284
15723
-13932
-635
26159
1449
-9465
-27223
26843
2507
12616
23519
-28583
-29505
4173
-31569
30177
8790
-12882
-6853
22932
-20044
-9119
12809
-21508
-25202
-1384
20904
28966
-17868
30105
6426
8980
25048
-23786
28210
31367
-904
30076
-29576
24
-23063
2434
-26729
2778
-31862
13392
-28423
-4710
1430
-2922
10950
256
-8132
-21177
-497
-9776
-19935
229
-13574
-9523
17180
1373
27039
3870
-11250
-9193
2978
-32402
11135
3678
-17471
2421
-32737
83
-31477
32461
27160
-19568
-11366
3318
17925
19592
7019
20887
-4091
2255
-1679
8240
12614
23196
6650
17204
-31230
-28204
-14567
19158
13282
-27117
2524
-31094
32468
-32681
-18676
1932
-30698
-9532
-23901
14963
-15428
9611
-12171
-17101
20505
11505
-17710
-9945
-6518
-5637
-22132
11492
31702
1938
-29586
-15610
475
25673
-32079
11120
24479
17477
18782
-1868
18112
28106
-4073
-19421
-23907
-26217
32723
1694
-13029
26364
-27785
8618
19070
-2209
-26991
15668
-21639
-19905
-680
-22217
30798
-29190
-22050
-2367
-16322
-29218
-11859
-28895
30254
-16711
-22843
-8142
1669
-29472
12658
-26998
19999
-31433
28058
-23389
-18005
866
-10316
20104
11587
-13230
-26561
-30862
-10388
-25985
-32326
14365
-29617
-1360
4244
-15628
24787
-16537
3393
32336
14368
26073
-23833
25974
18470
13529
22237
-5896
-2653
-29161
9178
2981
19829
7708
10067
32070
30145
16545
8704
-19498
18368
-27375
-18217
-10885
24811
1226
-11325
19186
-17767
20231
-26154
10496
24169
15188
10038
-14909
15800
12643
-2707
-24771
-15237
13346
18753
-9700
-12860
14662
20891
6241
-13186
-2127
-9530
27111
10782
30060
27459
21735
-4332
14030
-9545
7498
-16984
-28433
-19852
5078
-24701
-28284
32481
26211
-17968
7994
-25593
-8822
-3874
-268
-1545
24641
-30628
10138
11714
8826
-9444
-1007
-7156
-18704
27912
28866
-3662
707
0
0
0
0
0
