12628
23127
3107
-30301
15393
-32755
10372
22971
16192
-16280
-31744
-23477
-2804
3581
27143
30044
1478
-1056
4776
-4069
1235
-4658
6692
-2366
-5609
-28812
-202
19299
-24723
-397
10602
-15672
-29590
497
22072
14513
8700
20064
8169
-28977
-31821
25960
6613
-11353
1868
21809
15275
-8121
27635
16377
2195
-29469
-27892
-16984
-19922
-9672
206
-2670
17936
-6896
-26987
-32283
31397
7868
-25964
7140
-22581
-8938
23396
-27026
-25670
16121
-22906
-3648
3379
5990
24518
22847
-12480
22471
2204
12867
6340
-153
-2719
23113
-3534
16437
7304
29902
-20149
24862
-12354
20312
-4942
-28897
-25490
-18970
-30736
26810
22333
28873
21820
19236
-24531
18350
19171
20020
-14341
22109
13443
-10326
1679
-4653
-30299
-21191
21734
18829
22515
8796
25132
14629
-9831
-22303
17119
16462
8914
25047
15471
-6142
-28309
8668
-5991
19977
-29199
6953
1092
-3526
29297
-30747
-4866
15048
20959
6519
1426
26768
-7624
31949
23605
24395
23073
-10460
4171
16286
-16
5734
-3637
-10424
21881
-26374
3391
-21084
-31868
-19293
-18901
4466
9129
-16120
12470
-936
-9567
17114
-7019
27612
-10113
-15337
11675
24754
30701
9256
23603
10559
24106
-8441
-32208
-1302
18608
-704
17121
-8943
-29908
-24329
-27126
-14659
11317
11890
-9497
-10871
-9006
4594
-23877
-1147
-25735
11094
-101
-28873
15661
-18213
-8584
-14041
30736
4046
-23971
27438
13281
15303
-13604
15837
-8723
-26904
-11370
-21985
22590
-6612
24833
16019
9101
17509
13952
-29906
2628
-660
4318
-6472
20453
-2436
-13929
7658
27877
-24646
-25199
-25018
19951
-24273
-12168
-18538
3088
-18022
17206
-19159
24904
-146
7794
30596
-22047
14502
9425
-28027
-26492
15151
-24210
-8218
1770
11397
18179
-13341
17658
-30825
-5904
-15843
12057
-13779
-18796
28071
-941
25312
-23037
26387
23024
-23267
32428
25526
-29668
14795
26096
4895
32621
-1601
-24386
-32732
425
11152
24044
21500
24490
-25276
24597
-15916
-26713
12178
9788
26812
-29206
18926
-12229
-12696
-8701
-6343
-17161
25395
21125
9361
-21858
18117
-16127
19415
-29670
21750
10431
439
-28324
130
24259
8943
18018
-26108
4293
-12389
-11813
20356
-5172
24762
31690
-4470
-6000
32143
-16946
13874
19126
8164
-26423
13980
8755
-25077
18844
18920
16444
5221
16056
-10698
-30322
27268
-19307
22518
-20617
15910
6001
26615
-5389
-5359
31718
7657
2608
-6214
24804
3824
-2058
14922
23621
-11446
22474
-14572
19926
30388
-8201
5824
-6350
-29546
-14583
6139
4408
-14973
25229
13367
23750
-21397
-19595
17998
-12927
-29617
31640
-15042
-17282
16488
-30072
-23268
-6035
-31444
-21609
-8163
-6024
-29916
-29485
-5305
-26011
-29338
-5900
-18354
-24189
-17787
11928
-18625
18163
14696
-4833
-22343
21587
5602
-16603
-8190
13164
6092
27749
168
2814
-11643
-21360
4846
20888
6568
-22969
21952
4550
-5986
-13305
28340
-22198
-12994
-23825
-11618
-31523
5949
5302
-5498
-5844
23171
26228
2553
-20355
14069
30049
31847
27894
30655
5005
-25180
-3484
-10499
12564
-31082
-32577
-32621
-21090
27032
-7711
-3191
23283
-22077
18017
-20704
-15179
15684
-32544
31313
-23638
-11916
1993
7130
-5724
-6046
-4725
-8830
-28655
29606
-942
13258
9324
8235
18561
1180
30759
22366
2561
-29273
7979
-17718
11592
11421
13183
18353
-3714
3843
-16964
3261
-4748
9817
-9934
1337
25468
24311
15088
-22102
-31489
-4871
8886
-2221
-15442
21670
10660
-27128
25629
12844
24629
25958
19970
-27679
9786
6028
18066
-22274
-12273
21975
-13775
20825
30487
-25554
-16507
-1541
-30028
28391
3488
-30422
-18054
3486
32101
24113
10610
-12601
11671
29274
10827
17682
24721
-30909
-9786
-31088
11362
-26859
-15420
-3388
21037
-12446
32377
3005
164
-28981
-14196
3514
27547
3578
26268
-27339
30814
-12558
11107
-2175
-14197
19737
-29042
22058
22644
15318
-25112
-9865
550
19439
-26928
32271
-28425
21163
-12356
-25352
8686
1638
10383
-20642
-5098
-1217
-31697
4063
6786
-19723
5522
21798
12844
-32125
-14377
-25607
-12418
3014
28453
11095
-15139
5123
-29289
31821
-6285
-16226
-3475
-3290
4493
11875
-19030
-31072
-6869
19610
9612
-12476
-29988
19652
-27028
1320
-20642
32022
-31053
-18851
995
25722
388
-20955
5369
17244
4237
2540
690
-954
-5578
24013
2093
24984
-10478
-29727
-2484
-26246
6283
-22420
10281
9011
24609
29344
-9621
32701
17793
-3467
-11803
-16943
2793
21491
17513
-29577
11105
-14171
-11752
18838
26657
25734
13823
-14868
21608
-8528
2636
3365
31323
27493
-9203
14140
775
-25036
14708
29217
-14352
-15210
27618
-17910
20284
2797
22861
19224
2435
26726
19631
17138
6266
17123
-21195
-3939
6771
24059
1020
21588
20773
8148
-18235
16547
-20477
-12835
13611
-16598
21169
27100
8851
-31779
29527
-8448
-11142
-30020
-22116
-16339
-3393
10867
-29400
-23103
-27215
29251
31172
31115
-213
-2362
14219
-31951
-24093
-11151
-13931
-10237
7069
-24737
1635
30556
23593
3123
-29433
14240
29363
-25013
30820
-30444
-19149
13353
-9711
-3463
704
2338
18634
-21270
-12866
1519
-2971
20182
23251
-32543
-23816
-29779
-8647
26380
-7045
-26582
1752
-31123
2707
-30985
-12934
17418
27697
31606
15999
7352
17045
-22385
27625
24244
-7290
21252
-15556
13302
26397
-25212
-11301
25304
21131
28026
4397
26386
6389
-23911
-1920
6521
-15337
-28454
-29597
-24927
10124
-16488
30940
5560
314
14286
-2078
6458
15445
9831
12905
-14831
-31156
-26890
7850
-7139
28374
-25303
18859
14662
-25852
-29439
-23842
-3744
-25891
-29559
24768
-21766
8517
3112
26274
13023
-22813
9994
-18537
-9670
-13161
13426
29733
28871
857
-8338
19968
-14334
-31591
28341
-9216
6124
28561
27593
11456
-27259
18541
-20580
29509
21659
-21380
-11712
23445
-21481
-16499
-20553
14357
30618
-8044
-13590
23631
-20028
-29438
16215
6833
21259
-8902
10300
-9456
-3742
-26190
-7297
-17151
-17209
12492
20831
-29857
10146
21037
-25100
-24543
-15703
31894
-6005
-28817
-16865
10591
-18166
25915
21794
-9544
-399
-699
7284
-17171
32657
-22692
-8471
2688
-17971
29106
-29863
23318
-9657
2098
-9465
-611
-4474
13870
8862
-31943
-23326
22623
-12687
-27025
-8818
-3999
-27484
-19045
-4269
-8496
10142
352
-5544
-13313
18516
27214
-20660
-24949
31878
22690
-27463
-29389
20320
17820
2764
21530
12856
20563
-15490
-2453
10710
-2053
21528
-552
-3167
22851
29745
-19606
31747
4695
-12080
-24413
-16356
16058
10095
25540
-1595
-11816
8461
-25916
21872
31450
-2317
-27194
9439
-20456
-24745
-22799
11349
-4090
31423
-23881
-14120
20372
4607
-8985
12457
31324
14087
-308
10054
15001
-3414
25982
25092
-17420
-16439
5113
24619
26621
-7187
17220
12288
-17962
-32585
3763
12295
12274
-7403
-5277
3680
17936
-26985
9322
26561
1110
21385
23905
4458
-24466
2372
-22537
-6157
-26419
-22909
6085
-3671
-15117
11558
-31222
30748
-476
-23784
12554
-20107
25816
-27337
27994
10966
-14847
31353
21004
25846
3941
-7111
17969
-20462
-30679
-379
16771
-22925
11865
28130
15902
26496
7314
27118
-17895
31379
-19766
-14021
-22234
-21084
-24117
26664
11550
638
-10279
-26691
-32309
-3376
-14547
26470
11143
18932
-20514
-20470
9160
-11793
15780
24317
9041
-18130
10957
11358
-14279
32065
-1263
-17559
22964
835
-31575
24259
25906
-16798
17374
23603
30586
5738
-1934
5394
15216
-16721
-32610
23444
-17129
23341
-11551
21254
-26390
26492
24623
-24976
-13197
17721
13211
16326
-14048
18461
-31910
-29311
20376
-15086
-20183
4049
-15463
-24519
27671
-22351
29801
1312
-12345
-28713
10831
12289
-22274
-11632
347
135
-32078
-19515
8613
18033
-14213
28609
10758
-16334
22049
23252
-20638
-16481
-9974
-32756
32423
19758
-2927
22623
-4975
-5389
-8222
4035
-15720
-1348
18495
4805
22838
30781
4771
-26451
-10158
-23058
-23541
-22093
-4805
30789
-20888
-26942
-3684
32187
21792
12838
10141
-15837
-7404
-31487
-13513
1211
19042
4885
27897
-31195
-25674
27457
191
-6080
-2585
-14329
16856
-16270
18601
6054
12330
27431
-24903
-3344
13613
13273
15755
719
-11857
-28776
-24888
-6985
26778
-8114
-22729
24659
19150
-17256
14517
7916
2571
30871
30707
-4498
25663
-30965
11468
-2444
7937
29032
31395
13083
18271
-25917
26201
21575
-30315
-8038
30349
-27265
27617
-27661
-12267
-23679
32095
-14189
-23292
-13737
14389
-6836
20129
-9515
7952
18512
-24638
22985
-22418
-8701
-29982
2758
-22081
-11934
-2871
2163
5329
6376
-31854
-5612
-30759
5216
-30116
24141
-22143
-16129
30590
-21625
21043
-1789
-21906
28579
-7797
-26961
31885
-20108
8310
-22675
13098
-10667
27180
18167
13472
31207
-30747
-17241
-10376
-32695
28727
22714
17629
4963
16981
-16420
-16556
3626
25096
-24299
13524
-11277
15119
14205
3748
-25916
-28876
15879
-9845
-13192
10687
-26096
17734
24853
6873
9342
15219
-11884
-10884
15227
9805
25868
7791
-31770
-15136
-4100
28074
3718
-21663
-1591
27612
-28341
-2638
-15149
14880
-20192
10560
642
-26215
3904
-10794
24983
-20140
20483
18308
3117
-24769
6056
30419
-23847
-8029
-4757
26162
19566
-22182
-12972
2670
-8814
20906
-29471
-17093
-19915
-1049
-20194
-10749
-2865
-13956
98
-24075
-9614
-16654
29748
9956
-23251
-18916
-7085
30828
-9128
-1397
-11556
-21978
-21709
18337
-28992
5737
29777
30642
-2302
-14182
26805
-10544
442
13292
-11246
15885
30977
-1355
-8424
-12513
9433
32606
8540
-27746
13946
-29512
-17186
-13634
20064
12576
-12846
21743
-26937
7386
30272
-6798
-16392
30228
-31881
-30315
-31149
28396
-9787
-12331
-1592
17403
29209
-11914
28163
-14721
-2673
13936
12844
-7138
-3765
9777
379
-18931
-19463
-4217
-2909
-19244
-1822
5150
16777
931
-223
-26274
7866
30630
17156
4489
-5908
27089
-17899
-18736
-24503
8628
-5245
24876
-3510
6060
30925
-13769
-16676
-12841
25154
-23581
-24656
-31744
1551
3603
23162
-26826
-11213
-16999
-5340
-29807
-15286
26833
8748
-21422
27959
16948
-31554
-16814
-11882
5979
-11294
-1088
27862
6550
12960
-11759
-3755
-30094
-19319
22241
-16859
3807
-26808
-15639
28842
-31533
-5051
19790
23070
-14978
5653
30815
29384
28884
19292
26203
12778
30297
-29764
11112
-19351
28702
-14370
11509
7580
-30669
6739
21649
24982
13006
22740
16375
-17923
116
17381
13439
-4929
-6451
18900
28794
-9473
-20992
21686
14983
-25143
5609
29225
9949
23472
17603
7619
29383
-14679
-19596
3630
-18646
-23876
3270
13986
-32103
-14296
14651
20587
-9022
-4432
-9275
26612
-10976
28609
29014
16948
15774
6347
-28585
-15549
-4974
8412
577
-749
4884
-1526
-27114
-20941
28693
24174
-3137
-11264
-23785
31086
-10591
29563
-2584
23063
-25487
-21800
17312
-20853
12806
9024
-8975
9541
25723
-27231
-40
-8898
-22973
-32372
9848
4458
-13456
31617
-28098
-13382
3368
9959
-28698
-568
-19669
7813
25411
-10797
4281
31581
10057
-10202
3697
14985
23345
-3037
-19639
-25608
29384
8173
30492
-24647
8761
-5341
-18370
-9796
-5516
-13382
-24210
14940
24268
20146
28571
11164
-12262
7582
-32466
29157
989
1753
-31250
19419
-28341
12608
24327
27249
-23399
-31839
4332
-19906
24068
5286
5989
-10251
-5413
26232
20539
-17479
-19093
-24622
12078
30903
-16498
-28083
15619
21194
-22201
-6481
11684
-12514
16111
18456
31601
-15369
-27965
-16710
-15059
23027
-23735
-1766
15416
5146
7554
-16935
-6113
-5317
6505
-23712
-24140
-23144
-30872
-27854
25684
-31270
28868
20355
-3045
-6889
-32093
-20020
10792
-8373
17632
-12993
-7936
-25904
-28556
1302
-7143
-1971
-24892
1847
22863
-18504
29872
13129
-9515
-15861
-1787
18388
21627
-28484
-15424
-29736
-9444
12073
-28281
10233
-25646
29524
6240
-14157
8471
25006
-25196
-32365
-19877
-3381
1720
-3619
-7844
10830
18813
-30967
-176
-17994
-7617
-2042
5518
3899
25733
32686
-5631
-16851
20427
-12734
-131
-3432
20386
3014
-20345
-20546
-26447
26630
15391
-21107
-14605
564
-13736
23160
2684
-19425
10089
16844
14655
27902
14984
-19280
-15188
-25477
-23950
-8266
-8543
-15269
-12623
15894
31812
31597
-19282
28056
-12611
28287
3907
26003
24141
2568
4601
-8280
14264
2090
12100
-5471
-18360
-31973
-22326
-7362
23935
-19201
10837
-21731
-30881
-5679
32041
15259
26546
-22127
16262
-9956
5247
-24614
-19735
-12442
27505
7015
-2754
-15352
-20824
-7869
-31779
-7334
16630
-3372
16878
-7622
27454
-18681
9369
24793
8462
-3969
24121
30646
-6556
-21919
10679
-23556
29811
-22046
12661
26127
-8790
-6440
13916
25803
31223
32477
18144
-6912
-12315
-7063
8242
237
-24274
338
10720
25615
-9234
-14296
12686
-12075
7545
-18051
27161
31780
3042
-27602
10822
25330
13974
-10989
9021
9112
-22859
31858
-8766
17881
-9450
-17819
5887
17146
32703
-28506
-25749
11975
21255
16902
-30161
-15630
-30981
-2451
12631
28918
831
8075
16811
13168
25849
-10393
-6111
12290
-13616
-10596
-22048
5241
-2765
1661
-17698
6720
-19605
-19351
-370
-20514
27770
-8168
-24037
-1611
-19263
22737
13341
-25314
-29515
-16918
-20503
-24358
1707
3066
-11753
23855
10180
13768
30288
27909
25853
21457
6349
1846
23228
-31430
25030
24336
-15830
-28242
19047
3823
17966
28826
-19436
9604
31232
-23107
27456
-22783
10784
28228
-11603
-30742
-16164
7123
-23273
-9076
-19079
-25529
1220
15600
-14481
-11744
32316
-15057
-16987
-8464
-28592
7840
-20109
-18054
-21130
27918
9432
-4167
24812
-15372
11704
28367
32253
-10421
-19969
-22876
4600
-29490
-6772
-5657
-10971
6323
-9055
-28640
-13883
-492
-7207
-3939
27063
22070
-25640
-18679
-21836
15773
-8640
-26320
27830
32367
-31023
-14754
-26427
-25327
23144
-7638
17248
-24956
28023
-7836
3312
-30868
28209
12590
-1872
-21551
-7943
13670
-26164
-10253
-32452
4239
-27508
7131
14955
-11351
31140
-29452
21916
12431
-18547
25971
-17719
14607
4965
25686
-2540
10181
13499
24419
7057
8434
-5162
5294
992
-28969
-9071
8451
-20725
-22353
-32666
26367
-17098
26472
32458
-28149
20210
-641
24853
2480
24535
2775
15112
4930
-7362
13299
21936
7349
-7899
3568
-12317
-14004
20746
-31043
-16729
-32282
503
-18414
29328
18430
290
-26460
6721
7629
3894
9685
21157
-8077
4354
-17716
-30474
23232
-28580
-8482
-23079
-13075
-7014
29134
22573
7768
-13267
22998
10818
13940
-6359
-7591
30161
13304
-31449
-31707
-3728
16632
25809
-17108
30016
17060
-14918
-10111
-19578
-1783
-24768
12963
22510
20935
-27080
-28217
2154
17623
-20366
17199
21621
798
-7999
12682
-2351
-14324
29726
6840
7711
10900
-2990
13572
21112
7647
14774
30563
6997
9950
-19371
1786
-7005
-31219
-19469
-14143
-1681
-30531
-3594
-21667
-4277
28771
-18506
-6768
10271
4593
-3817
8658
-27733
31774
542
10712
-17361
-13260
24393
28528
30122
-6314
-26067
-4330
15373
29296
9037
-29258
-8119
-7533
-2628
25410
-19908
-9500
-11769
-21978
24515
680
15219
1006
-31261
1078
-20200
-27684
1684
-16655
-12741
7072
4521
6076
15160
-11964
30667
9866
22200
29729
-21078
-7563
-5221
-25436
22788
-9089
9870
25595
-7357
-2328
27974
26415
29289
-12804
20462
25408
-24876
3424
18992
21141
-11385
2368
29955
-26854
-296
26368
-12776
-8109
13620
28517
-23789
-29213
19479
-28750
-23551
-2466
15180
25242
-12785
-7882
4579
16596
10982
-25902
13421
-3681
-18931
17861
23825
-30350
20342
-18575
-7755
-23483
-30844
19127
30085
7190
-29104
-26073
-1766
-25047
15045
2274
-6722
-20506
22663
-3916
-1904
-10114
16428
3030
6453
25043
-27111
26192
-2074
25971
-17333
9814
23439
29912
2915
-22622
-88
-15489
27313
32218
15989
6042
1796
8029
28687
-14439
25425
-490
7751
-12813
-12547
-8771
-31283
6232
-5397
-8841
-28589
18165
-3480
-17541
4699
-16285
-5868
15683
11165
22842
23149
26223
19289
5572
-30853
19388
17207
-24513
-2177
997
-6793
7714
-31100
14921
-10160
-820
12052
-18561
14907
-13317
-23666
23706
7659
-13586
17715
21336
-248
-32400
-22128
17348
9567
26390
28752
9277
10290
4099
-12046
-11319
25996
22833
-26141
-3702
25212
-24597
14350
23538
26624
810
-25574
11248
20058
-8019
3497
23870
30439
-32005
2508
-22683
-16869
7656
-8653
19666
10462
-4714
-780
29402
20278
15984
17012
-25299
-12284
24045
20306
10513
1899
4606
-25104
-5402
-23716
31597
-16645
-31448
-26785
-25768
906
-15445
13999
17582
28969
28712
11450
16283
21518
-8714
-14614
18850
9646
-24835
20159
-21524
9557
-22758
-17596
-10604
-24689
22215
20809
19944
26187
18662
31164
-1079
9872
-19813
-15221
-23768
-3897
-10355
-1163
19951
13826
19769
-29680
-24946
8186
14547
30576
3352
-20034
-1099
-5775
24276
-714
-22673
-21952
-4623
23617
26579
-12772
-18520
-5776
-74
-928
-29889
-7531
30769
-21545
-11551
4779
4763
-2922
8055
23943
19721
-652
32524
-31287
-20754
15450
27105
10418
-2468
-2056
27371
-5082
1046
-14150
-25044
28534
23618
5144
-18849
13533
24720
11724
-22424
-810
-12757
30613
19125
10075
-13741
12505
16401
-31087
-26366
-14431
-1025
-16464
8406
28148
-645
8825
-1607
-26343
-24617
-26538
25493
27419
-22111
7452
-20224
-15296
-6509
2964
-2813
-1990
-1480
13311
-19962
26808
-27576
31510
14602
-4764
-17487
5601
-31331
1207
-29565
-26052
-21218
11837
30290
-9048
21178
-10181
-11184
-26257
3167
-7191
19990
13900
2595
-31235
5187
13298
-32461
-16881
18588
5422
10765
12575
-6025
9954
22673
-26936
16547
-24565
32468
29830
30843
32397
-22368
-14243
15131
-26129
10962
-1947
16561
18998
-19618
31636
10921
-9821
31341
21298
13397
30570
21102
-20499
28462
12251
19482
32561
-29707
29122
-14353
-10551
10620
-25434
-29623
-27330
-706
-22268
-7800
-27859
7321
-16751
-17466
-24268
-948
2048
-22444
29042
-10334
-10315
1039
29461
-29226
6333
22595
16907
-29907
1023
10004
-15287
-5761
8074
26996
30752
26206
-6888
-18508
9573
30542
7896
-22559
-32717
32614
23664
25270
9185
-18017
-32514
-28647
-15657
20663
13816
19619
-10555
877
-19490
17614
-9040
374
22475
26627
-32553
2566
-22403
-30083
-20258
28593
19420
12545
22605
-18587
32277
-2643
16177
-26375
-8903
-20481
-17174
-15838
17733
32767
5499
926
30358
-1993
-30847
-7240
-7104
-25793
-10997
60
0
0
