896
-15607
-2941
12981
6467
5607
-2314
2007
19611
8200
-8748
740
31903
2092
22267
27260
-21351
21052
26576
22683
2529
7258
28280
-12046
-22194
28264
6326
12986
6393
-19281
7177
3855
18136
22328
31509
-27403
20724
13112
-4930
14220
-1992
16414
-25244
-20956
7809
6412
2444
16096
6132
1662
12151
-22567
-22781
7613
26051
-31596
11571
-22880
26140
-27754
-4116
-28841
-6387
-23735
15318
-11300
6067
-19758
-17178
-9978
30321
11729
10784
15886
-29506
-20785
-14823
-4459
20016
22829
-18425
29527
19730
10358
28010
-3166
-19137
23396
-5368
-25872
-10058
535
21200
-29750
-18592
3007
1477
-3845
-26424
4516
-9346
-8839
-5289
-6440
18854
7771
8471
-13871
2303
-24620
-24403
-29300
20875
-8898
-24089
26281
16487
-9853
-15604
24051
1192
-28798
26843
24584
-6404
-32278
5652
21252
15896
-6398
-8406
3320
3591
-21659
8251
-4384
10272
29379
-5242
-10769
-17695
29863
4224
-3583
-24100
10673
-15301
19502
2630
28460
-5724
5986
-27579
22984
6419
-2435
-5795
8564
-6678
-19718
-30539
-15317
-16189
26152
-15664
28066
-22171
29440
-16443
-28773
29347
22609
-4171
9796
-5907
-27897
-1584
13124
-25287
24738
12445
1695
-25823
-14857
-25007
3150
25273
15497
-11465
-1220
5736
-30958
7291
13195
-2035
-20064
8939
8585
27565
-30133
-22453
-799
-4408
8222
5251
-17438
11756
23186
18936
27756
-14671
5741
-29522
20196
-1553
23131
-24152
-30102
-8588
-16269
-2434
25145
-15802
8545
-8380
12588
-32192
-23310
-32664
-17907
-17943
-661
31926
651
-14428
-13924
-18694
8211
30471
4014
20831
21071
-24228
-7611
-25315
28640
-405
1676
22903
13566
8732
17297
-6762
19081
-29288
-16161
6100
-22417
-17378
-3875
12090
25346
-31007
24127
19551
-6894
-26321
19990
12200
19075
-7381
-3289
-32346
19814
-11761
17309
9718
27112
26000
-14747
30788
-839
5181
5319
31977
9503
-22264
25637
-32302
-32666
368
27320
-7644
-15574
-24841
20429
-2493
4139
-23553
15500
9512
30634
-12381
565
19272
2850
-9881
-6161
7631
9357
18145
-23767
10990
5418
-14479
11082
15865
-8362
15827
-30351
-17922
16987
-28656
-5576
-27429
29484
13532
621
17874
17800
-8480
-8183
-15503
-31890
32045
-17627
14921
32074
-26807
-10981
31927
5528
-24062
20785
-12632
20057
-19876
-6901
-20099
14877
-21910
-22082
9242
-3382
3888
19075
10086
-25676
-26262
-30225
-4949
-6790
26321
-12713
-26120
24713
-26897
-1790
4514
28285
-27243
-20580
9350
13621
25061
6990
29320
30249
13276
-19178
10669
-3041
28533
19174
22494
-21226
-8416
28753
-17014
-9356
-14851
4793
26262
-31891
-19601
-20754
20606
-31731
-11136
15206
25067
-32725
-2803
-30847
3691
30074
-14214
257
-516
4225
2513
12771
-23692
-15728
-7661
-14546
13301
-16284
-29568
4244
28644
25168
-11
-24624
25701
27988
20542
31614
32560
23629
-18110
23902
4119
7035
7957
-8814
4011
3379
20334
23461
-811
-11622
-25800
5765
23128
-31666
11013
21809
-7837
24752
7048
4340
13957
-4661
-31769
8540
-16111
-10680
-32019
-5040
-785
30865
-26799
-8502
26948
18254
7050
7077
-15
-15822
20595
-19024
-23445
769
28159
-25675
13574
-1651
3680
-4496
-27820
13898
1066
-15070
4993
-772
-17153
14945
28691
18069
-10053
-613
3255
5616
8436
19686
-29279
10141
-19282
27460
30998
-9838
-29016
-11880
-13720
-22085
-21908
-400
-31301
4353
-22871
2914
25497
12168
8474
20645
-25546
23240
-32730
9108
28679
-18488
14947
-22963
-8892
18691
5241
2740
-791
-9167
26276
926
-29561
-13788
-10814
-6340
-17701
-20569
4891
-6482
-29117
-4366
10429
-31015
-3796
11016
-20146
-26550
11814
-12633
-24522
27611
-3541
22443
-26068
28991
12095
21920
20265
28802
11698
-15973
21248
816
32424
13766
7850
-849
19409
-16625
17635
-14995
25007
-7787
-24551
-21383
31814
2623
28605
-18908
-3508
9245
-6520
20800
4818
-7567
-15292
5952
7055
-26822
31578
9501
2041
10429
-19154
-13389
-8703
-18588
-28833
-27179
-28135
-32738
23174
-22223
21392
30398
-14557
27485
-19265
5954
2672
13837
28658
-9521
-2191
20065
-26506
31737
-28709
24379
-12446
6994
24430
-6111
19145
25592
-23365
-8915
-23474
13266
20225
-7219
11299
-18591
-8891
26967
10380
-10401
18156
6339
14291
-19853
-25193
17540
-25170
-12086
-18029
18618
27048
-19762
-339
18070
4105
20596
-9424
8743
-13225
-32004
30050
-32095
5828
-6299
20019
-28469
31369
21044
-4075
10986
21042
18642
-2921
-22620
-24788
1705
-32108
-17249
8436
31631
-12360
-22761
18101
5808
25832
-25287
-20354
-18109
-20746
8992
-15033
-31053
-6156
28476
7046
29673
7351
-21108
18209
11545
-17692
-26327
19809
-18283
7500
-27772
19711
-15821
-31363
-12550
22056
-23371
-5476
10076
26005
12122
-743
-1273
-30606
-17270
22004
-26950
-16349
-25363
24544
-15999
13095
1253
7925
4616
30756
14
-15980
-27381
30659
4760
16649
-11437
-18780
24815
-7456
12954
-2536
29136
-14138
-21655
-14604
-29005
-14288
23524
-28974
25968
32753
913
-8611
-9808
-4966
11618
-6955
-23429
-10999
30671
12736
24592
11435
-928
32003
-16623
9400
20186
25746
31430
-28278
-22525
10055
8937
32712
9476
-16563
-24389
-534
17086
-13290
-18473
-7236
-24330
-23205
-18128
15524
-8737
16059
-32148
-27865
-13055
31388
-3325
22834
-20529
-6992
-22541
-885
-12183
-20451
4329
-2364
-30072
-6199
-3862
-10057
-22779
-511
31727
15451
28271
-11468
-16439
26357
-28456
22681
-14139
21937
-6263
1023
-24567
-11839
27374
-16023
12344
-26869
-11183
-11061
-20659
5328
-7443
-30000
1393
22014
17881
15823
27694
11791
-7728
26760
-7941
-28438
17207
2948
-4232
-28215
26652
-243
-4129
-5562
-4432
23508
-14174
7275
-8416
17595
-19180
-30183
26231
10725
9020
20997
6673
-18014
-31915
-31152
-23216
-13487
20795
-28211
-30111
-16013
31530
8989
-17657
14916
8874
26779
-4702
-29485
5349
-24428
28977
-4192
5432
11564
-27773
-22244
-22076
32515
-19277
-22837
-16970
28185
30199
-6015
10187
25914
25341
32366
7752
-1105
-29452
11328
14216
-22927
-12238
-22245
-13011
-4643
-21980
-32761
1381
13023
19566
15415
-30071
8343
4658
-9603
26729
24451
-8513
-28762
-32598
-15760
12235
23164
-29495
26878
-2189
31253
-25570
-6064
-31362
-1607
14166
-1338
975
20756
29494
1442
30965
18080
14428
-24175
-11113
21147
30101
-6184
30227
-1353
24757
16533
-25986
-28554
-8750
15044
-10951
-30017
24380
5692
15322
17290
23824
-13723
-18610
16445
3385
-23755
2692
-9829
20512
-383
7545
-16711
-7733
-28759
14546
-21238
27470
-15977
-19543
-4003
-3740
-19206
-21663
29413
30676
-25167
30697
861
-22972
294
-16630
-17149
-11162
31589
6474
-31295
11566
-8106
19873
22545
12458
32607
17684
-29870
-32096
19172
-24605
-27787
-30931
4807
-25326
5368
-17424
-32005
12782
9679
17536
25272
-16728
17018
10069
5174
31292
-30615
-29316
1104
-5645
-20590
-16735
-31443
22071
-6056
-16655
-15961
-20936
-26653
-12627
-29355
-20594
-327
14844
-29193
-2816
-5643
30951
-14008
24142
7702
15901
-32187
-52
14012
306
29051
-2233
-21453
-8760
-18237
-27272
29679
32692
-19967
-10335
-18367
23047
2545
-16457
-5306
19949
12465
17445
6328
27082
-28524
19322
-18026
-23769
15207
11227
32178
-10992
-20303
-31605
28484
7151
25677
10383
-30132
1239
23692
-17578
-1635
23885
-22512
-17134
26943
3925
23250
-8144
8388
-4812
21141
-24896
9415
25533
-30324
9779
-16555
5381
-13461
15748
27568
5343
-339
-10337
-6793
4728
7794
-20620
-22944
21483
-2391
-28872
29013
8885
27578
25501
18646
4183
9309
-19475
-21425
-2327
32597
21543
-14372
-25604
-22362
-13920
17452
-6966
-20770
28608
-10649
-11839
-16905
25731
14961
-15143
-14228
23606
-21329
9571
-23267
31682
-31982
27188
-2625
-4099
-13564
-18082
-17107
-22162
-2638
-21498
-6060
-15222
861
-2715
-27717
6733
4891
-9007
-9391
31836
-16157
30975
-18457
-17672
15557
-11024
5332
-20648
-25998
18741
14329
-28702
16332
7131
-25086
-4034
20882
-25250
-17390
22179
-10482
-9199
-15198
11174
-23552
25540
-23121
-20231
31106
-23145
27038
5220
27543
9254
-27653
8722
10429
1576
-32017
5365
18600
-8362
-18840
-1381
-12839
-5695
-4484
15115
24280
31368
-16863
-15655
26386
-2370
-30345
1695
9437
7595
10753
30449
-1216
15422
2370
23382
28051
11366
-31849
-17569
28315
8720
-21243
31224
11944
-2895
73
-5546
8238
-5999
-24737
-18718
24438
25483
-14353
11829
-22088
8050
16649
26347
-13403
-12665
-27103
-1280
-29810
8288
-23936
-6497
-12880
-17783
-18967
15289
22290
15026
29614
25478
22425
-11992
4285
18531
12319
22081
-1698
-9611
30426
-21314
1208
-11761
-13618
-31327
-4460
9524
-24493
-25861
10326
-24641
-18315
27996
28042
-16802
26246
26798
-15452
12554
-21532
5025
-28809
29120
24108
-5774
-24455
3283
-10791
16335
31586
31593
-30688
-25698
10033
14575
12483
-20009
-29471
20064
-30288
-20260
6706
13411
6493
30162
30933
21812
3147
-7049
9328
-4176
6731
-16635
15381
-791
23817
-28969
-21607
-28041
-31440
22826
-4490
-16781
-14383
-1702
-4016
31433
31269
-32426
5734
-21000
-32268
28674
-17892
-14124
17200
25233
-26528
15745
991
-12172
-6864
-8562
22313
-3306
-14233
11493
14656
306
-17793
-15139
17002
20526
-14047
-12775
8351
-19017
25178
-6289
-17200
32408
1524
11841
-10545
7678
-14288
275
-346
28323
-31929
-11558
-2785
16368
16492
6044
-31812
-28300
6732
6014
-29447
-8616
-1447
-18158
4514
-2694
-31296
-6416
-22375
20001
13582
24278
-5060
22065
-24116
-6445
-1682
22680
-26693
-15808
22666
31860
18130
26762
-23865
-193
14324
-20395
-30046
-4641
25769
18052
2446
2878
27075
-20127
30117
-26763
16152
8985
-3202
-32758
-19545
10482
24666
-21008
-6939
2026
-31857
30727
-2582
-14217
-32763
2213
11167
23181
17895
-25961
9044
9734
-6102
-10381
-32265
26348
19711
-1755
24471
-13091
-9584
-25058
-18822
-2258
10260
-13222
-12011
-28056
-13426
29881
-3323
1318
29325
-9007
-1196
20287
-4282
331
17623
-2061
-11923
-19546
-9435
27296
-24866
-9181
-29440
-8790
27454
26119
-30057
-21300
26266
15323
2627
22585
-4692
31072
-27590
-4064
-13891
-17196
361
-2185
21283
26568
-26244
-8836
12231
-32602
32719
7956
-26012
-31801
-1232
-2082
-4821
-396
10089
-8672
2874
-9718
17938
-807
-3826
-7088
-31613
17697
6243
-11002
-25668
-17371
-8581
-11696
-5897
-9419
134
-31447
7107
18172
10557
1944
28276
-29305
30293
-2626
7539
-201
12023
9776
14369
-14899
-7436
10696
26161
-18028
29935
-23662
-706
14335
-32066
24524
9657
20286
-9472
2175
5796
-13907
-32138
2415
22614
9732
-29172
-15469
-11324
-21112
4975
1977
12060
-23217
23478
20035
9158
21290
-23799
-5554
689
1876
-20285
23695
-4698
-20020
18643
5720
31843
-13358
-29586
11551
5931
-10111
-4649
26135
-21472
22720
20641
32122
13399
-14945
-19482
5078
-24533
-11189
30201
-16624
17870
-12077
14791
29108
27982
-9464
-13252
-8561
30041
27637
-1844
-24926
2036
-10086
-29797
-9465
26836
-29050
-17291
1962
-17503
24724
-15560
-32228
7106
12843
26336
25998
-1718
31831
-32615
24960
17344
-18235
-9867
-28084
2880
16696
24856
-26826
11737
-6951
27128
-28184
18752
-19872
-31879
-3192
5764
-6944
-8928
-6397
-23518
-4039
-1249
4074
21134
-32022
-27826
-29028
4301
28083
-5413
4702
10108
16989
7604
21745
-25723
21543
5583
11245
26959
-15637
-27150
-7139
23791
2592
-24770
21068
19142
-628
-9044
-24591
-28089
-6460
25144
8450
-23882
-4170
26505
-19034
-25119
21128
-5812
27729
-15120
-31202
20548
-28838
21714
28754
22300
28673
14815
5578
-32374
-16321
18750
9366
-23780
-17510
15465
16393
-5321
21490
15371
-25430
19755
-23306
-23543
10580
-8403
14230
-22281
32725
-29755
29172
-22688
-17058
11520
1545
20922
7168
4682
28503
-28159
-19299
-3962
450
28577
-29025
-5998
-5107
5607
7672
-22177
-21480
9182
-6063
9974
15617
-5807
5237
10817
19425
-26444
-11960
-5290
-11674
5876
13293
-11519
15602
11015
9670
15808
-3304
-1193
2920
3193
31457
-31792
-24686
2454
28013
-31471
-23509
-4671
30495
-29735
-24788
-1229
21242
-28690
-70
-17626
20554
-2858
-27799
8660
-9741
32118
24049
-24578
17139
26486
-16606
-27742
-15630
27809
27784
-25452
-13859
-20086
29830
-10156
-25788
-10098
8319
11980
-14258
-581
-3331
-20410
-8494
4590
26731
-25380
21939
-14774
-8198
-6222
7542
1884
-10177
30695
-23460
1226
21164
17808
20338
-3522
-27479
31783
26593
-27741
1684
29529
-11587
5407
-15407
31949
-703
3583
23231
-22997
18639
-15807
16616
2842
-10932
6784
2506
-27807
-6476
15750
-5075
11998
27494
29882
26988
-5987
18794
-10904
-22310
13332
29830
13661
9934
-2132
16154
21135
13128
20573
13485
6319
32025
-5351
-31475
10321
19679
-7146
-22964
-18419
-15217
-7446
-9311
30303
28942
17100
-29482
1995
29156
-2209
25286
-8302
-19079
23311
29849
-2715
-30921
1306
18314
-16251
-17707
3509
28069
-23062
-6914
-28971
-24623
19745
-27202
25181
-22794
-10835
5332
-25176
12157
-28559
17307
-18603
27530
36
8318
9729
2811
32552
-20865
25711
30495
16294
25012
18086
-27671
-7612
-10627
-14891
-29246
-18912
6832
12144
777
19558
-15746
9950
10428
8469
-3450
5612
13003
31637
10502
-470
31201
-18600
-14408
-27827
-7185
-2709
-21913
-8999
-6276
2445
-31492
31677
4999
-1383
-8133
-10138
20549
30222
22373
11491
-19933
-5068
18093
21890
13978
32675
8735
-13155
8919
-21221
-23110
-20670
-23243
25510
6573
-4137
-9091
-11664
1104
-22268
10974
17522
22062
24789
15038
-15031
30412
358
-9222
-28063
24332
12261
11420
4078
-9177
-11016
-27971
7083
-20658
20021
5237
25705
19265
4425
-17149
27527
-18648
30754
19904
31169
-5610
-8687
-8088
16782
20722
-7033
-28527
-21154
-16853
15497
-2495
18270
19938
22551
-19044
8320
-8834
30493
10092
29503
5103
-23842
-7664
27023
13190
-4796
-24322
24305
25642
-11518
10821
-26381
114
6204
-6359
-9107
-28523
-14509
26167
2988
30712
17657
-32165
-4711
22750
935
-29195
29907
-5232
-8601
-31882
-18771
13099
577
-12913
25703
27072
23654
-15844
16888
-11487
16405
-22331
-16102
17731
25762
-11722
28657
28206
-20764
11389
-26576
1952
-13612
11374
-14455
2795
1252
-5829
-17363
1254
11015
7467
-28064
-28173
29573
28962
-17960
6605
28768
15042
-23780
25499
30285
-3992
28655
31126
30041
783
17444
-20501
13250
22423
28475
-13994
-19708
14399
-6801
12495
1523
7125
2982
12970
29347
7046
-13081
-21125
18044
-7350
-25087
-22348
4083
5774
19037
11555
-1864
15322
-5284
30801
13614
-8108
-2395
15353
-27685
2224
-27088
14536
-18022
19430
16570
-10021
22711
20433
-1772
-30064
-8242
-17659
4434
27530
-31050
-29326
31816
-14940
29552
4802
19699
-26026
15139
10166
12291
-2640
-18289
-124
20150
-16515
-9022
3800
-17244
702
-26795
2547
20995
-27269
-11216
6358
-9406
-31083
-24830
-13217
20544
18909
20526
-20798
-22434
-20366
-29174
3374
-1706
17206
-28172
7947
-2898
4280
-8873
-5120
32178
-2725
-10708
14626
-1175
-8662
11020
1175
-2775
-19335
15397
28579
3151
18825
7758
18744
-8484
-2750
-25763
5143
-14543
17393
9415
28489
-7218
-16638
9301
-17486
22474
12060
20496
13332
9199
-8414
-32007
-15517
-16506
-4347
-28870
-19452
17500
24658
14173
11774
24227
9100
19271
27013
-9696
-32313
23880
30655
-22464
-2101
-16713
-3580
359
-9872
-14395
-7018
21463
19472
-17157
8880
-9120
12168
9447
-26609
6649
-31075
-8551
-16162
30535
21079
21541
4088
-7793
-29823
-1512
-31442
6200
-17065
-18540
-20764
4405
11058
28238
2181
-8011
19315
3040
-1692
-12000
-16300
-26326
29492
1955
11815
-5728
-4952
-24459
21849
8226
22323
28018
28998
-25784
853
5487
-15967
-9773
17113
16270
8545
25429
-2709
-3127
-28587
117
21958
12518
23826
-5456
3826
-21033
-31669
20117
11734
-10452
6608
23802
-8422
18136
24971
6474
-24217
8000
7889
22808
9573
-26398
-12985
-10841
-19319
-10097
-27586
23157
-25397
28234
-21246
9617
-1802
-22350
11494
30301
-10299
-30358
-26085
22870
4092
-32205
24386
-16927
8333
-3179
-19367
-24244
17779
24221
-18842
12635
-18979
-32043
-409
11568
-6856
15999
-32260
28611
23062
13725
6825
15547
-7009
11290
25461
22209
-12968
-2447
23778
22016
26993
15531
30491
8895
31486
3844
6958
7945
-1900
-275
14393
12367
8090
-12117
-3076
-32378
17185
8542
-29908
-13839
-25015
16345
-23598
-9664
23388
-3093
20276
-18558
-32311
16230
-23036
24611
13893
-23371
-26721
7805
4806
-22706
-18764
30465
-24980
13866
15056
-30368
5792
20742
-11547
980
6038
-12696
-22246
22621
20249
939
9657
29152
-21142
26916
2649
-4226
-25474
16741
-31754
22230
29176
29142
25379
-860
-4467
17607
-9968
-3658
21804
16938
7843
26725
-3890
-13801
25678
-11803
12815
6077
-28009
21588
-22339
3891
-25032
-29244
-17062
4052
32721
2175
-8226
32156
-6515
28241
15455
7115
18739
16379
17384
16955
29325
-4898
1503
-2942
-6028
-3029
24440
-27002
14844
-2465
25711
32745
13865
-26443
-11261
22282
-18416
16531
-19203
2572
14553
-24611
-19610
-27048
5851
-11363
-10300
9487
-5798
19656
27962
-21291
1829
11023
16669
21024
-20884
-3339
18715
31994
-15555
14423
17073
-21201
25951
-12460
-32097
6464
-5444
-12751
5065
19556
-30611
-28639
-17621
-22108
30847
-3345
-29736
-23763
-27342
-5138
-27150
7319
24486
-20729
26085
-7212
9559
23090
-8571
-31049
13292
-3973
17519
-26718
26387
-12995
-22937
-7129
29729
6825
-22850
30703
-19144
22734
13092
-23022
-5009
17263
-5729
10606
-1395
16848
-2375
21737
32198
31955
-10566
9175
-17181
-20985
-24617
2948
-11345
7009
-28472
20800
-28117
22970
29440
18946
8787
-30891
25870
-30363
25251
-18862
16056
-11035
4396
14713
-30966
-29606
13191
28140
8946
-26715
21565
32404
-19545
-26584
-29817
-15180
-11665
-16022
11372
18962
10987
7838
27721
-23862
1195
-7651
-2349
-2746
10575
8094
-29357
10064
-4176
4950
-11540
27173
5597
5866
-3928
27353
-8456
-23332
7783
-21947
-15019
-3410
-7493
-28056
-3825
5234
19449
-14726
5312
-14643
10411
-25302
-6571
27096
12517
16604
-9080
12342
7930
14912
-14693
22415
23625
-25585
-24174
26733
9353
-19941
-1731
27545
-13748
-17492
-25025
-24750
-14295
29934
11248
-5715
28745
-14002
-24464
6462
-13090
-13178
12696
27321
-14578
19253
-2988
-19917
10968
14713
-15450
-27638
-10924
-1297
18983
2188
10682
15506
1667
-22967
18599
25976
-20319
-3924
-28357
23328
-16922
-1263
23481
-2004
-10310
11905
-17660
-29290
-20845
14377
19009
-31580
-13835
-12573
4389
16596
32107
15643
-15951
-13420
-1704
-22538
-17377
-30314
1451
12350
-17071
13469
21251
-30782
-14937
-31877
-11484
-32074
17540
-32663
32128
-24341
-22099
-12041
16952
24134
-7299
6698
-17903
-12909
-23345
2506
-20700
-320
-18721
24279
13782
20122
-17765
-1666
16
27473
-28202
-6351
-22044
-30272
-8541
14642
24177
-14962
2323
15842
3917
14950
-1182
24509
32665
-19064
14084
24284
29198
30749
19039
-18017
-20259
25895
11154
19005
-7630
-21070
5838
16411
2361
-25577
-31356
-7162
-17670
-25210
-24214
-22610
1197
31895
-4009
-19111
-15615
3800
-20052
18864
22771
-31136
-27215
29921
-15486
-25981
-12434
4676
838
-1691
3512
-21555
16698
26423
21368
-27640
-17361
-15908
2012
32396
29979
-804
25339
-31096
-26740
11124
1609
-6734
1975
27682
-15171
30780
-5755
-30920
7135
-31709
-30227
-32636
18247
19294
26547
-28674
-10132
-4935
-25392
-17330
451
732
-18673
-8668
-19657
6018
-9688
31810
20662
-27259
24136
-18770
24752
387
7358
3046
-31006
16074
-131
2239
24901
461
27165
17560
-12065
-16040
26015
28590
-30322
-2444
-5463
6188
-4748
-11144
-7421
-11913
-18769
-14782
-9252
12425
-14992
-28093
18720
-16447
18022
3579
29303
-4430
9708
5430
-18921
5371
25433
19060
2939
-27965
-20553
-14661
-3130
6534
-19282
-21818
16185
28517
-32107
15441
31249
-17696
-12754
-9326
-11302
-14030
13807
-6952
-8399
-25269
27237
15325
-10467
-4127
2181
26598
8969
-28459
-4498
18126
-7549
26747
-15931
-10525
6569
-1488
8184
27483
-8005
7701
12069
-13845
-6724
9779
-17148
-16118
31652
16807
-18203
919
-23152
5791
-29863
-12106
-32301
-27203
18131
22699
-32126
-21641
-4709
-22273
120
23171
31184
5055
9276
-21089
24444
21778
-32427
29589
-15531
28255
26231
8837
18165
-19337
4906
13768
-22728
6121
-5373
25133
-30014
19023
-16830
-4539
8161
-19831
-25635
-31302
10842
-28272
-32277
-14187
4093
-9016
8514
-17656
-28016
19248
-2067
-4024
277
-4474
22856
-26711
29988
-25547
-24963
26650
-31954
22131
-19272
-73
-2210
-32016
-20851
5681
-13860
-32136
-29343
-3735
29832
-24396
-6763
-30110
3115
28428
-28516
-19238
9760
-2941
7286
-9543
16051
4649
7065
-4487
21618
-15219
15390
-9717
6911
317
-16185
20094
31999
-21079
29420
29051
19994
19523
-20634
-23372
18802
-10425
17267
-19096
-10541
6525
10213
-24480
18458
-29911
-24889
68
-18322
-8668
23668
-7824
30105
-29424
-3842
-30775
21511
-13654
-11127
16112
31257
-14338
8375
14976
21766
23485
6255
-27308
-16844
32645
12544
-23937
-14210
28200
-1332
1562
-13630
-32189
-32172
-12876
2162
-402
30731
-8829
-24292
-18768
-25552
24507
-14423
-13958
24776
-22571
-23074
-25844
21878
-27677
-4642
17899
29215
5499
9553
-8189
21594
12151
15054
-2032
-336
-24436
18039
-10270
16237
-1631
-3460
-27143
2405
-11159
21352
24012
7398
-17089
8558
16380
23449
-21237
16108
-18180
1094
25163
-12124
-30792
28653
25820
-8405
27422
19471
-14870
2848
-18298
12660
23607
-2384
-11651
-4169
-403
2555
20382
22137
-19800
-27183
-27384
22686
19879
-9864
5907
-7480
20415
1907
31970
-28774
11171
-8297
-13118
-20434
-30705
-16960
-3112
11410
7599
-10460
7942
5922
-17339
-11274
9480
-28139
29927
1207
2558
-21912
-14573
-19633
28875
-9583
-29604
23706
-29203
6763
4600
9142
-30532
2295
-28534
-6230
-774
-16332
23245
-10389
3142
-22214
27215
-26663
4521
-11179
-10162
-17181
11207
28744
15250
6003
120
-23875
-16483
26531
-21545
-25500
-4633
15934
19528
23626
-24103
8545
6580
24707
27401
-30974
-19981
-23417
-799
11792
-27387
6376
10659
-6147
-7419
26734
-19282
-21893
-15600
-23596
-17515
-5987
-21703
-8003
-32416
-23745
2570
-20105
3392
-25598
22264
6983
16301
16246
-26525
-31658
-32554
17151
18496
-3382
-11464
-14249
1548
-17448
-17881
-6005
11406
14610
-18999
20732
9450
9525
-3346
-24567
-14444
10743
12860
10385
-14324
4904
8261
-29325
-20259
2928
8973
10931
6213
-29937
26295
-23754
-28676
-3592
22377
-25269
24473
-26176
-21475
-17425
11602
26627
10564
-28297
27323
-9128
24917
15593
-11135
19344
25414
14837
27790
1139
2298
6184
-22681
-3219
-24327
22338
9506
-146
-4968
-29516
29484
-9578
-27147
20068
-11995
29211
-2554
19853
18058
429
-25158
13784
-30089
22793
26537
10151
-20126
-16621
2700
-20018
22251
-511
812
-6371
-8356
24698
28994
6994
16928
14174
-21926
-23145
25495
10719
-8771
-12
-6769
-3496
-11607
-30381
-16793
27316
-19537
2798
-10992
22698
-8484
23620
-30887
30071
22990
27390
-16264
-28422
-1882
-26433
-20943
11507
-1857
3099
9649
21870
15115
24110
-3459
27753
25437
31821
-26659
-7523
-17802
-22176
32731
30016
32419
-15087
5553
-10168
-19457
-3467
14453
7629
18569
8602
-25620
19731
-27761
-11793
26120
6829
26575
-17820
-27435
-29476
11836
-1525
29362
24170
-27207
-18220
17341
-20556
-24324
643
23815
-5847
-616
-22938
1244
19885
31597
11055
10305
4143
-2733
-342
-6342
1237
9816
-12437
28953
-5374
-17734
31418
-6454
-307
17568
13844
27940
20368
-26981
3524
31792
-22449
-15165
30730
-30979
-20815
-468
-24447
-14068
-27688
-28244
-1076
-6431
28517
29086
-5488
-21426
-14095
-19064
-18342
14007
-6070
-1391
-16228
-14213
17919
296
31375
-4033
-24326
-12187
27612
2631
-5870
-30779
4645
-9522
14965
11660
32548
-14821
-25451
-3825
19730
-14746
3031
30662
8605
-23396
6229
-29725
-12841
-15159
-2542
-26306
-24019
-14005
-9754
17027
29165
-30257
-4139
14829
-16459
26737
13989
-13279
19462
-4895
-8906
-7634
-14802
24640
-16246
-1907
-26584
9649
-3136
26781
30571
11250
23245
9006
31818
-15693
5057
-7962
1772
7500
-32144
-14462
18650
3953
3071
31800
31341
12026
-15581
3746
-25012
8877
-7474
-2124
-28225
25085
6786
31806
-635
-13634
32241
28535
-21695
8761
-15418
-4962
28439
-31420
7873
-17514
23337
-26686
-11382
3511
-3923
19091
-6130
24343
-6582
10473
-510
-16656
23324
18870
-22713
6970
30148
-28711
130
-1248
-3709
-1284
5612
4952
24095
4017
-9643
7875
7113
17457
-25001
-27304
-24212
-19379
23437
13004
20353
-16227
-22239
-5786
5833
-2606
12170
-20635
-26164
-17325
13584
23720
22873
-523
28548
-21355
27205
-5613
-31347
19055
-3015
14973
6168
-10648
27203
-21160
-4432
29229
-7104
-4951
1313
-22361
-381
-51
-25200
19720
12658
3024
-11015
22441
21297
20620
-2211
-15610
30899
-30615
29456
-5826
20678
16272
-10427
18659
13297
1200
-3210
13055
20935
10083
12958
-9103
-26188
-14429
-6785
14592
-13078
-3698
-16367
7748
-30398
26028
-11544
26551
20315
-14473
-9374
3259
29703
-18283
857
-31259
1180
-15892
-4465
-16661
19487
17431
32482
32160
8834
-31502
26
-13156
-7059
2154
-29491
-696
-10986
-16160
-30899
19416
5718
18726
3748
-9641
-32121
-13190
-11543
13952
-31361
23980
-19832
-29986
18536
1392
-1197
-27561
-30950
19262
16949
-13025
-21821
16804
16231
20192
8571
-12739
16691
16672
29180
10439
3553
17048
25661
-4591
-4990
11772
3523
-30531
30127
21379
-2526
5605
-27847
-11628
7717
10658
10263
-14809
-8151
-199
-21427
32520
12526
-24107
27134
-12857
-31773
-24725
-19244
15599
15690
27274
-20205
18994
6077
-22726
-19880
7501
-23808
30315
-16391
-29556
23555
-28201
21807
26857
-5331
21194
-24176
-9781
6964
293
-11554
27715
20897
2339
-26826
8155
-20566
28806
-23473
-21784
-20718
-4591
10085
13119
25838
19004
-20293
7839
22286
-8029
-26116
-8327
17064
-18542
9693
-18835
21839
29602
-4187
8426
-8527
-27399
-13826
-15930
-30547
-2428
8400
-29943
-26356
1601
29364
-17994
-4717
25480
11138
1231
23136
-24488
6591
-2567
16732
-12040
-9159
-21468
-20095
23786
-11820
17277
-12795
-18898
-7424
-14085
-15527
-9230
18161
31140
19279
11254
10295
-16907
-20023
-26130
9338
29462
-10225
-1006
30535
31848
19199
-14201
-29261
-21348
10058
19689
-16546
25856
24255
717
-1131
-20282
9059
-31897
14470
8324
-446
13544
3955
2860
28376
-10567
-322
-19245
11507
-616
1255
23177
8110
31586
20598
9658
29108
28645
4372
25462
3330
-5509
-6368
28491
23874
20273
15296
-5352
17966
21648
3454
-6428
-16481
-25653
-29949
15100
-10945
6602
26737
-13016
25457
29839
19650
15033
-19596
-5960
1816
-11263
13027
-7615
-26708
3341
8360
24467
-30239
-28778
441
32652
19835
-28704
-26420
1340
28118
-22588
19638
-29646
-816
-30362
-19157
1952
15643
15613
11407
-10416
8549
32665
-22601
-16423
-26239
-19102
30359
-20521
-18851
-29520
20465
-16811
-7194
25752
575
4481
-26973
31691
-26946
24306
6624
-22351
7159
-15160
-5951
-15567
30256
20118
-23532
10916
3001
-25365
21827
19078
13351
-27917
5844
-16166
25401
26513
19885
4480
-29182
-18351
-8937
14067
-2348
-18615
25927
24108
19011
28351
12052
-17878
-28761
30121
21444
11132
26180
5675
28765
-18794
-1817
-30636
-23074
17730
-4918
6202
10331
27636
-28044
24489
-14633
14851
-901
-16691
23602
10043
3031
-22645
8042
7623
-17317
-17458
9077
-28714
20064
21727
10859
-6869
30805
30931
-8758
-15683
-9092
16298
-624
-4661
19104
-26750
20333
-23826
-17652
-16213
-17573
3045
11079
-12393
23720
26465
-25392
-17506
-31644
-20313
21870
27261
-29431
23299
11989
29381
12238
2281
30333
-10789
19643
-27266
24740
17905
-4579
28924
19358
17000
24431
-30036
10253
-26493
32641
8145
-13971
13965
-20506
-29552
1735
-32342
-473
-73
-7491
29157
-7743
-19764
-27458
-17190
-7431
30781
28218
-30513
-20418
31945
-6953
-11682
-4148
-18655
-20897
16551
-432
-9474
-6564
-3593
30252
-6712
23507
11843
3683
-23704
-4226
-32425
29506
32248
2870
24700
13433
2139
-1605
-20540
9137
-31601
-16934
-14304
24601
19556
19595
9851
2507
18951
-29309
22185
12893
-14930
-31662
29759
645
-23420
25541
-17300
-154
-26961
-13981
22609
5526
-20299
-1509
17985
-733
-10532
-3148
16251
-13265
7915
-28351
-24170
32663
31565
-29084
19192
29989
-25106
28925
26032
32019
10913
-7300
-11988
13195
24628
17123
24905
32199
5304
-12801
2865
7621
26717
24740
32063
18915
27180
-1469
30755
16434
13040
31239
-4816
-19222
22383
-14770
16086
1001
21426
-24913
-1668
-10774
-30042
4506
21053
8498
-2577
-19725
4198
31679
-14154
8492
6492
-26361
-29046
2447
13255
779
-31757
-27902
29518
-11015
1921
31419
-3215
-23210
-29821
9358
21127
21802
29550
-28847
-7913
1779
28716
-11940
26891
13069
-2378
12487
-9618
-491
21819
21821
19311
26211
10523
32251
29170
-12523
30606
-18709
-25148
13163
5784
19118
22381
-11211
-32760
-23387
23308
-13461
22046
6966
27232
-293
-19233
2247
-28459
10930
15559
1241
-17490
-10747
-10845
-10844
32250
13402
25921
4430
-14606
-3187
-22139
-18275
-31468
25267
3479
-12467
32661
14746
-11662
29593
-3042
2896
-18249
-20486
3101
26171
-6166
-12113
28186
29450
19208
-3034
-28617
-19867
4615
-25191
6475
-12906
-29918
14630
-22866
-3265
26277
26498
-25827
15369
26118
9777
13331
28621
-18196
-11154
23509
-23172
6308
-24314
-28514
-5775
-23370
24776
-11667
30497
9555
-24875
29273
-2239
27230
4683
31393
-21660
29259
22163
-6928
19779
-19350
-14108
-22616
-10933
1721
-2865
-24577
14664
-26854
-8435
28205
-4511
162
29493
-2353
23375
22779
-19435
21023
-9569
19485
-219
-32006
9684
10600
21681
-2794
18157
5267
-24103
-17412
26110
-8088
-12939
-27572
-17221
20455
31147
-21284
22032
-28014
2491
7794
3939
-7468
-18799
-29385
3784
13499
10830
-21738
-14143
1981
20163
-27654
2366
-21751
-7521
32720
-29917
20176
-4963
-8887
29407
27508
747
10952
9525
22745
14459
3990
399
-9288
13034
-10016
11864
-30594
342
-10422
-5045
10624
-27574
-18259
17306
25985
10197
27080
-9864
19955
-20307
-7658
-7066
-31302
3253
26415
13515
4423
2371
25000
-20848
-14521
14444
13290
-23216
25279
1043
358
27302
-728
-7600
-19369
32676
12556
2219
-20882
-255
-28584
26352
-32278
32404
3401
4037
-20860
14420
11565
17963
-30337
3382
-28550
-22192
-10014
-6803
-14045
8812
7872
28972
-13110
-13571
-15302
21294
3898
13705
-28658
-21396
4191
-4138
-15193
-3451
-10239
8883
12412
-1008
-5189
-21435
-30478
-13573
1128
29674
-14002
30093
-4349
13007
15446
-135
-14686
1027
-3616
-13549
4785
-30858
-14777
-31513
17008
5095
-24879
-10636
-20910
14014
15238
-7787
-8651
18426
-21537
30613
-31714
29706
-21273
24119
25608
-21877
-20517
-15801
469
15118
9322
25796
-32000
21037
-22918
31944
-6055
1734
-11623
18988
31767
-11616
28150
3256
-3736
14536
-13900
18588
-943
-31461
14230
29729
-23637
-28248
-16710
21929
6937
-16340
-31743
-30617
-7022
23828
-16422
-22572
1981
-18099
12377
739
-16637
-5056
2569
23526
-18059
29424
-24766
7097
26649
25381
-27868
28895
5157
788
-15101
-22295
23720
-27997
-29441
-11880
15445
23221
-16274
-23382
30663
22458
-5373
18633
-21574
-26721
15694
-30494
12655
17144
-32053
16139
-20800
8545
6085
3614
15856
-2854
-13341
-25191
-4331
1998
6902
-25867
-13676
14110
-28732
20455
7845
18804
-29669
14272
-14162
-15801
-17598
22616
-25939
23574
-2330
24136
-4653
24703
-14666
-21477
12517
-5564
-31473
-13193
-27431
-1734
24416
7062
-25316
-9559
-28481
-5791
6433
4509
20739
30751
-14575
-25211
7203
-5085
5159
15463
22956
23409
11374
19101
26920
21881
-1700
-7554
-12340
-26236
-23102
-10489
16722
-28855
-7695
11946
-11592
19266
-25365
-4408
-26363
-8771
-21203
-16740
-17738
2722
-29548
18044
-30142
26878
11531
-16371
-22822
14850
-29490
11602
-25112
-29262
18364
-12511
-395
-4262
19261
-30729
6103
-21723
-19530
10253
9083
-25603
3398
-7052
12972
-14493
5554
-2477
5725
10536
-3129
-9762
-32728
6873
-2453
-7683
19901
-7473
6357
5042
-18765
-29669
-21374
11974
-5673
16861
-9771
-23001
-17557
-19580
-17749
-14660
17082
-18449
-25903
-14005
-26935
14111
-29555
-15818
5925
-1704
-6451
10114
29571
13197
13519
9997
-4
-19425
10795
100
-32018
-32681
-8519
-16004
-13974
1882
9926
-27739
29161
-23773
1202
-11552
30074
-30137
-21325
-22769
-12624
32402
2867
10310
-23011
-21796
-22828
2724
-22768
-29816
-10535
-12315
-2303
-389
-12727
-9835
18364
14936
15163
6746
-22524
15894
-10380
-3111
27343
6658
12062
3050
-20016
31151
258
16505
4356
22952
-674
-14083
-5554
27985
-212
12216
8020
-5819
-25866
10283
546
5440
-15363
-14706
8837
12654
-30069
-7521
-28683
-7567
28141
-9024
9110
18956
31820
26587
-15672
-30685
11941
-26521
-15441
14331
9944
18746
-1819
-6490
22893
23740
-2781
-18704
12826
-25333
19897
-16789
20337
26328
15621
23617
-11930
-12033
-6413
6965
7641
-31843
-27742
6136
27698
-3202
16580
16494
2861
-5494
-29695
11386
15716
-6299
-2159
-12021
-22299
6308
6730
-4782
29378
-5240
-18785
23183
11469
-25345
23194
-22430
15441
-19484
-10967
27077
2619
5516
-32687
-20232
-29808
6440
-22102
376
-7445
31406
29260
-16342
17895
24465
-3495
-12337
-13926
9855
-17658
-11435
5896
-22311
-9782
-24268
19866
6233
-3975
-7975
28758
29340
-29252
27177
-22735
17224
27736
-31209
-29246
30802
-5318
14375
-13387
-18950
-11703
-15917
10779
15162
16432
-19326
-16123
-30443
17817
19565
19631
-4888
-12942
-19193
14928
23964
16077
10008
10973
-30065
-20233
-18738
-31288
-3485
-15467
21169
-20187
-25450
-23427
27856
-18084
-4750
17785
26443
-12669
-6612
23484
-20254
-20380
17910
14329
-26919
-14834
24284
21249
-24117
2869
-29874
32416
31952
21352
9698
-24699
22568
20115
-21777
4972
-3502
29458
-7344
-29962
-26019
28429
20929
-32671
-17854
-23087
29773
-10697
-7346
-31426
17188
26604
11202
-26637
20571
4791
10384
-25338
-11879
-11427
8747
-9703
-4532
2191
13017
4269
-9305
-11702
17515
-23464
-229
-11112
18894
5930
19153
-6294
-19846
21337
-23002
-16210
29505
-12974
18795
-4441
-26579
30927
-27342
-21446
10702
-24752
32257
3472
-31688
12413
22654
-14734
691
-14069
21081
32632
29275
-23144
22199
4848
32347
-13442
9360
-10408
26348
26403
12328
-8462
26049
-22281
27354
-13784
21471
-6773
-21768
-28881
13358
-15929
22854
30142
-18511
29735
10705
-11311
-6228
24193
18966
-5194
-15344
20116
-501
-21709
-21735
31879
-2924
-11236
-27650
6886
-2184
-15772
-28231
-29044
1731
9273
-19621
-27997
-31944
-19299
9557
30186
-30850
10279
-19948
24760
17753
4796
25782
-24030
-807
28799
-6116
13800
4803
19632
30854
27598
26333
1297
16966
14651
15077
4133
620
31137
148
