22812
363
31545
-11290
-4925
11318
-15325
-15197
-15325
3358
3805
-24370
-20780
-32564
18217
22503
29250
12209
-948
24294
-21276
18162
30767
25104
8818
22355
8119
695
10847
13350
14258
-18089
-26444
-7021
21614
-11313
28256
814
-30869
15650
7469
-16262
-17314
6327
-7080
-30360
23620
-526
16791
-20320
29660
-21807
-5156
29977
-411
-24915
12917
27409
12613
4880
-25918
8397
15490
-25430
22018
25178
-25297
-14843
-23296
-27848
-28819
8652
21972
8867
15916
30360
5131
28657
23665
11486
-29759
513
14916
15569
5011
25033
25143
5485
-28488
-4909
-14487
-10439
-15833
-6259
7217
24130
29135
21637
31041
465
-29951
-32606
14539
-16362
752
-20497
-20950
-32431
-5992
-24242
-4734
32140
-26434
19072
-32288
13205
-7742
23674
10498
30399
26933
-4688
-26917
-6613
27321
-640
1366
11582
-23238
-14930
-11246
10095
12939
3837
16670
13625
14972
-20179
22554
-23618
-21748
20459
-26773
19444
52
-23400
13440
6959
-6773
19129
5842
371
14424
32693
-12365
30091
6784
4243
-24905
-3625
-14952
-15164
29743
16814
-27938
18818
30905
-25157
24069
-19497
22223
22796
9030
-17588
17853
21672
198
-23274
5242
4536
-11577
-29917
-21092
21647
25528
-3461
30510
4149
-21564
31344
26617
8311
-24834
19866
-1994
-7841
15854
-20875
-15456
23714
-5871
7123
23043
-20096
3550
-2671
-29488
16097
3133
-6998
8338
-19873
-473
-26524
-12482
-388
-3639
-10657
30551
12670
2183
20472
26220
-9259
2141
10288
-3193
-11147
-20835
-23987
-14001
-5485
22260
6640
-16237
24265
32135
14711
7474
-7482
720
4750
9841
-15093
-14355
32577
32331
-32216
-18509
12394
-12268
6154
13644
3788
-28265
5199
-28139
10612
9286
-3032
4681
-5339
-11822
18595
26507
30886
2159
4662
23465
18109
26115
-23671
-19428
26644
-7262
4416
-18679
31020
21083
1119
6490
5208
23086
-13530
21361
16363
-26127
11017
-23250
27319
3876
22722
-22268
-2358
-25955
21360
28151
5526
29223
-9409
-23327
21828
18996
32055
-26033
-14548
1522
-20525
-8760
-10341
13534
-30242
22725
-17493
5134
-28165
-17593
-20165
-1056
-32498
-22049
-6413
17494
-16359
25720
-30161
18529
-7876
19567
-21102
23462
-15997
-21463
18497
-5044
-477
28446
25376
5408
14326
3659
16134
14788
-2874
10195
15026
15764
-11729
30555
6400
25015
14578
25031
19155
-6226
31276
-25065
-25229
28160
1758
20449
-682
12273
-23537
9376
23376
3091
31185
-30362
-16308
14474
-700
-29746
5280
5646
15835
23695
32390
-30905
8123
-16356
19019
-27873
19018
-31642
-21220
16731
-19790
18835
24754
31654
-29636
-17185
6062
-8081
-2211
-9984
-10440
22338
11523
-5883
-15286
26715
-25687
23907
-5341
32728
17419
1513
32599
19737
1209
-14191
2971
-11417
-13842
-19584
-19558
-5449
20623
-32504
-18072
22232
-24455
29695
-5620
2204
24207
21163
12137
-19339
397
22836
-11706
-19051
3537
-3879
15797
13384
-31280
-12528
20941
-22543
-32116
-7248
-2774
-6538
-19376
-22961
-27929
8997
12246
-6535
-6491
31927
-28144
9216
-20496
-6604
17101
12894
17966
-18414
-111
13588
18886
-30912
4216
24189
-18317
15196
-9896
-29743
-10105
14926
25591
-12169
31390
19338
1813
17379
17721
24318
1886
13529
14367
-24421
1773
-96
14218
12180
-13869
814
-22286
8614
8655
1304
-11025
2215
-22597
-18268
-12223
7932
13105
23362
1470
19986
32725
-11579
-29495
-15108
-5854
30667
1566
-7151
10062
696
27936
-6567
-4659
-25572
-14837
30360
-11937
-25910
2676
-13731
-32132
24681
-10531
12873
13351
-20222
20726
28477
2613
29092
-280
-15369
14950
-12855
-15749
-4429
-20282
-14540
-22722
-23361
-28065
15725
7452
30284
21512
25641
28346
-5361
-931
-28186
-18035
24959
1265
560
31610
26520
4333
26004
-23822
-20279
-21589
24352
30937
-15497
1837
23091
-28353
469
-657
9500
-32630
-6444
3170
28385
-32091
16708
-7095
15386
30613
-17058
12717
-23446
21469
-10508
10015
10033
-884
-3152
-1019
1655
-15585
-21658
-21423
8574
-5064
-6888
-18880
-20352
19005
15934
31847
25409
-26360
13028
-19334
8237
31610
24943
24285
22995
25526
28643
-9015
-21893
-25244
-6769
-6114
-15082
-5940
-4041
-28624
-6623
-9663
23927
-11581
3872
-8130
-17064
-20040
28023
18632
-21129
-15319
16244
3049
17956
-32244
-28467
30096
6365
-29112
-25020
-28008
-16298
10734
29271
26374
8519
4699
5923
-25693
9750
-26955
15096
4749
2304
5728
-2868
-19069
-5952
20540
-29910
-2034
25311
7097
-11694
-14955
19820
20404
-24226
6790
15506
18805
29705
-28890
-12910
26492
-31805
-14196
-22905
-31244
-15458
29295
-16668
7851
19898
-9172
-19393
-16006
10116
1426
8604
29592
19152
19495
634
-19258
-28835
-24106
-24776
-709
24537
28339
-4936
10742
21327
10587
15863
29437
6125
22060
10181
-12155
6900
-18655
-3385
-4713
-14048
-21468
27590
24187
-19344
23652
-11960
-32680
32560
-19655
15392
-16030
22167
8188
31784
7049
-18422
-751
17842
-3555
13148
-12265
11222
14206
-10337
5947
12846
-4812
-14942
15965
17368
19088
28263
-12231
-26301
-31851
-4256
-23671
-21841
-26887
-14091
4812
10001
17692
7320
-16428
24097
-22380
5459
17867
-19788
31960
-23409
-9541
-12075
-6084
-31322
8007
-5796
21599
-24678
-7396
-2878
30950
-8154
20076
2960
-13577
7729
15528
-13130
-7559
24913
19051
-5217
15494
-17012
6790
-31532
8709
-19643
-22504
12497
-26591
-2851
25036
-12040
-4583
7582
-26994
-10726
964
-29015
-14741
27739
-7768
-16064
20084
-13485
-24073
-11837
22586
-2878
17249
-4103
14077
-13431
19692
-8855
-17450
-18842
-32483
24691
-5739
-12594
16096
-17296
-22173
-424
19263
30457
30322
-6002
-22330
-25680
-6010
-6091
30088
25902
-30544
-2000
-4696
-30966
14759
-4512
25067
23793
-22978
-8704
29107
31474
-12319
3984
5668
-16329
31792
-15020
-19950
14926
18441
-22760
7225
29727
-15694
11612
9057
20249
29963
-20423
14758
-9926
27004
8863
21088
11299
15652
-26492
32567
4815
6006
12962
-8556
-27068
-20272
25339
18573
20400
16952
24436
-31570
23914
20259
18262
-23289
11415
-11186
-26441
-5770
22269
-11690
-31154
-13332
-8332
26534
324
24421
23334
-25796
-26425
-20351
31092
-680
24769
23363
-24747
-6846
-9264
30190
8189
20143
-539
-11665
-2743
-29853
5616
30280
-30429
-14655
6128
-25609
24936
-26300
29518
-16351
-16212
-23758
-26554
-7902
8468
-2447
-30537
4728
-19423
15039
14823
-2302
-11475
215
-5593
-26050
-21598
20736
14839
6436
5984
23979
-10824
-11182
-30913
20863
-30530
-30912
-28864
-25837
8529
6505
-22864
29527
2714
26298
23370
3507
-24604
1335
3712
-26710
-19924
3986
-2439
20791
1327
12991
15346
-23359
10730
32088
-25816
-29545
4055
-3374
31706
14972
-5569
-30773
27596
-24028
-1120
-17572
-25419
-31108
-1490
-2052
18757
-16829
-14537
-17465
25991
-15773
4836
-27141
23583
5169
-28501
-1314
29257
-6552
-14040
14622
-7319
27997
18446
-23257
27312
26685
-7734
29638
-13291
3959
4775
23783
4805
5740
16498
26986
-18284
-6371
-5732
28812
-23400
-9693
-18697
-8904
-29580
-16341
32131
6883
12631
-3392
26957
20528
-13810
31324
25185
-19631
-16141
21801
23153
-845
-31808
-13183
27702
-3051
26069
-29107
-19133
-26675
4756
-29968
-21409
25702
3738
10168
-11858
18140
21426
9702
9967
-13822
-31995
-17639
-5235
4552
29884
18803
-12975
-19070
21523
-19174
16488
1219
6840
-27795
-1618
8314
-28372
-17606
-17352
6395
-22437
-6387
31800
-14899
-9704
-22774
-15576
2625
-31550
-31535
24564
-7165
-2901
-8313
-14222
22469
-13066
-11254
-25035
-32270
9526
-5396
-3523
19758
25436
-11532
-2359
-15575
19370
-28789
29154
21548
18892
26093
-9179
-5572
-23965
-12752
-15627
-1915
19593
-21402
-8576
-23554
-16357
32126
-13786
-28285
29457
10683
-14443
-8499
1225
31588
23532
10395
-28141
-8546
12819
-32173
16559
4988
-1373
-17570
-32517
-4890
18402
-27028
-13755
7921
-11353
1716
-4173
-2083
7096
-9269
9869
-23372
-30871
-28105
8422
-26280
27224
-7923
-25980
-27545
23031
-13523
-16473
-437
815
17818
15663
-797
-14171
-24563
-32140
-1819
-8780
-31966
-19397
5700
-12322
-9740
4775
-4311
29490
30190
-2049
-11156
17278
-17152
15306
25536
-14409
-2718
-13977
-7657
3030
19286
-5522
-15460
6949
-7299
1911
1713
7561
-11189
-9814
11958
-27377
31972
12236
-20162
30301
-23437
-27448
-3164
-15438
22855
-20432
9069
-10543
-21685
26373
-18250
-15521
11884
5129
-12453
31278
-8928
-14269
-16181
-5927
-30358
-25349
18820
-11621
1219
16717
-2781
-14283
17729
-26423
-4347
26788
11569
-24880
19241
-31164
7791
-26120
25094
-7597
-9611
32307
-26729
-23523
-19917
-22904
-29169
-23766
-24652
1250
18188
12646
29991
709
-8067
-29970
-7768
-21812
-24867
-13911
19155
-15829
14725
-10532
-2807
-18400
7915
29883
-30544
-31544
1836
21542
-5077
-11916
-18158
6502
-28052
-29161
11131
25907
-13788
21829
-6402
-24350
-30571
-3118
10996
4245
9067
-3204
-24591
-1088
-5269
23610
-1247
-26908
-28498
-11395
-25459
-22371
-4160
23752
1434
-26234
1457
30220
15445
17256
9138
31695
-7725
8096
-5621
-6784
-16133
9196
7018
29166
32438
3729
19535
10322
17869
-14747
-12921
-16679
-11079
16168
29388
10260
-26912
-30338
3568
-2587
-30783
29137
8394
21395
17626
27594
2395
26269
26147
-3008
-24080
7371
-6929
-21927
-4267
-279
11243
-15304
-916
-2526
-20619
-23679
-25333
7194
27389
19128
-24290
-16051
-19347
-20243
27445
-31544
31342
31300
-25543
-17551
17653
6668
-96
13003
4462
-19410
10795
-17248
-24522
17845
10244
11712
3797
6315
-29331
-23182
-11484
24482
-15723
-7747
4865
-6201
-30655
1015
23677
3598
563
-27155
10190
-22411
-9526
25086
-29287
-11204
-13400
29742
-12098
-1982
-23211
-23009
-159
-18706
-2928
-8476
-31354
9118
-4653
8992
-19816
-6384
2081
-20860
-24195
-2686
31587
7165
-19940
7408
-24173
-20388
-14207
-31141
-9156
3326
7612
6486
-13721
19731
-1946
31563
-8029
-16466
-6229
3877
-10471
4793
-18801
3372
-1171
15604
29757
32532
-30345
27297
-16094
14346
9375
22002
-27715
26079
-2001
-9721
29025
-22195
-15941
-8436
26209
-4401
-16995
5467
20299
30730
2262
8311
-18669
5762
3579
-12828
-1320
-2507
26345
-19714
32593
7108
-29396
-30351
-19090
13390
-18746
-5315
30249
13121
-9192
26732
-12627
-25296
4334
16416
23614
8196
25015
8937
13474
20975
-17779
-18960
-19647
-20860
-11807
9052
21632
-5650
-32508
9453
-31394
15880
-28217
24825
-28576
20274
-11494
26280
-12205
24470
8877
-24563
16215
-10144
-20104
-24751
-23461
-31089
17743
-9430
9895
-665
4752
-32756
-21469
-17185
103
-12273
-21897
-14946
-6081
15248
16208
-29431
32756
-13182
32511
2109
2112
20455
5079
-2796
-5994
5708
-545
-18338
27656
-23562
14425
22797
4283
-14827
-5897
28536
16352
-25701
-3423
1732
-31817
-26176
-23230
15340
-27715
-28588
6151
-6679
-2565
-16792
-11790
10233
-17646
12221
9262
18514
25838
-11198
18329
26339
-10952
10738
23981
-26843
-8005
27919
30583
25493
1238
-31588
7348
26978
-16070
-6927
-13679
3060
2787
29033
21260
12988
26589
27875
1858
-4120
21592
6331
-7237
-17843
16171
-16128
24374
-8034
-20159
12193
-30318
30601
4954
-8265
-18143
-23739
22175
-30568
-6122
-26977
23219
-15428
31890
-24573
-8692
-1386
15826
30399
-13788
30751
8860
2232
-24981
25127
4259
7663
32048
-475
14379
-7891
-13490
-10979
7043
24304
-31220
-21242
3082
25865
4776
10945
17540
-13242
-32273
-6709
13826
-15277
24338
-26761
-32417
14955
-17486
2017
-5587
31020
10994
4219
-31119
18556
28443
-13989
640
-4685
15179
-10862
30511
1230
26221
12834
22157
-17765
-32350
14874
-18694
6676
-1686
-23519
-10820
-10507
-18376
27206
12138
-1383
-8622
4231
26626
9567
-15257
-2152
-24497
-26837
-28226
5218
3617
-20133
2447
3317
-4040
25120
7645
32038
-8494
21940
2964
23685
-782
24347
30539
-18145
6558
-28064
-27398
17068
4221
24177
-24973
24233
20502
19404
25318
31837
8302
26812
-6623
29568
-30551
-25438
20133
3795
-298
-19726
13101
-24058
4676
-31490
-28821
-20001
15754
-9239
3005
-5
8973
457
31884
-29546
-19052
-17682
8867
-24040
-16008
6872
26144
31726
-11730
18878
26936
-15061
31187
-5665
-20825
-24214
1039
27569
-6084
31622
29624
4684
-28289
14123
23251
25974
-1047
-3437
20394
-97
26102
-19606
13966
17883
-26639
-22412
3844
13953
25575
-19781
3644
11317
-11285
-28962
4808
-22923
-7648
-600
4644
-1691
18128
22041
-582
-171
-21627
-2562
31210
469
9321
-6547
795
26273
4623
31566
26413
4941
30362
-19337
14133
-15281
-1946
9732
-22106
-2112
-12246
-4708
-17422
-17818
-5629
-1651
-23562
-15549
-28199
5503
16530
12630
4044
-9108
3040
21097
-31985
22119
-22090
11482
14138
-16970
-32527
-596
29424
-30964
-19254
18697
-32596
26547
-187
-28629
3934
-1087
12716
19423
-22604
-28808
9625
18227
10804
5256
-5771
-26495
-21929
30660
26154
-30585
11442
23502
-32019
-20487
20838
-15213
22841
-2032
3161
4136
19389
29676
-17644
-29131
-19437
-17573
-3976
-17567
-2299
-27527
11524
-14540
-32009
-23724
30464
19758
18651
4216
13869
4068
-25315
-13756
-832
-14316
361
20595
15012
-26411
17980
-4578
6294
-22580
-17012
3346
25018
-7558
-13733
8930
-8288
-14063
10779
-19388
-16765
-7025
-29579
2218
28356
30838
20724
-32069
4904
5702
-30085
4500
-20318
8075
4075
-14529
-32139
-29072
-18062
-25713
20465
5375
-12358
13020
-23402
-25110
16730
15037
-17893
-32022
29604
-20586
13812
-24487
14873
2139
-6157
-9944
29556
-8798
-28918
-29108
-22666
-20151
-7421
14180
-28691
21882
-23471
-5986
14067
20898
8948
-31387
12313
-17252
30848
16344
23619
290
-30693
32407
-1008
-9283
-27183
-26015
7677
-20013
-5715
-15110
-14186
24418
-22609
4790
1692
-14630
31837
6677
-20405
25819
-25737
10723
16746
-14773
-3106
8200
28582
-28521
-1811
-15086
14302
-9819
4195
-6145
15746
-7681
-10553
27574
-16620
-26780
26505
-5433
20317
-12326
-30006
3037
11711
32352
32660
17184
17761
-4782
21744
-19207
-8868
-11517
10388
32016
-11694
15037
-21042
-20505
12275
16044
15174
-13758
-28472
28706
-1883
-14694
-29316
5535
5211
6198
-3419
-2650
19184
21744
-5579
18211
15476
210
-5649
-24096
14754
30633
-6491
21381
-24922
-9666
11635
30258
25351
23819
-24623
27036
-6487
9883
-29824
9854
-20560
22407
1319
-10553
-4724
-30609
31725
1684
-18961
-27714
17944
27638
-1733
-4963
19878
-21987
-30339
30625
31411
-18239
-28860
9917
16713
13565
-31259
-26116
-27526
-22534
-2242
-1993
8411
-6365
11668
22211
16307
-31825
-5809
-17622
28364
5530
-11773
-30506
-30728
15462
-21883
-24623
2224
-15099
-8266
1707
-7643
9839
20189
-14691
-15222
-9582
3302
-28265
6200
-30820
18771
5222
-3469
-11582
-24684
-30105
288
14830
21110
-19973
22455
-29257
-8979
19336
-7665
-10849
8093
-8811
-31130
-4570
-32439
31242
-22173
-21582
-10009
-2175
-4187
10570
-11403
28501
-12492
11317
6181
30656
-32655
23623
-3051
15612
-1919
8718
29611
3953
-4940
-32589
1910
-12144
-22993
-2281
-7451
28526
-13468
10560
-3680
-3212
31925
8416
8931
-31498
-15510
28833
27050
-1447
28089
-7276
-24359
4505
-8065
-30605
14788
-9815
24132
26182
16873
22230
8678
-19184
-8180
-24850
7584
-24716
-14048
14192
-19594
5473
31
-28427
-27408
19212
-25956
-9158
29991
1585
-3700
-11932
-22566
25299
-912
-1676
-17531
29926
10350
14618
-31302
24579
-11047
-25337
4270
-8851
-20041
30146
-30237
-14253
19069
-14593
18580
7982
-9951
14176
-12124
-25755
-27024
11838
-6253
13536
-24641
9374
13896
18180
4147
17099
22350
-7950
16645
-7155
-3289
-4086
17365
-32661
-23772
28920
28989
-2987
22919
-15894
-13966
5853
10567
31970
17410
-17127
15486
-18972
2022
-13671
-27007
-3681
22904
19452
-32187
-3029
-27444
-20800
-29235
21833
6066
766
7298
-21642
7092
-4188
454
-29825
16724
-22188
750
-60
15860
-23304
-22629
22956
22308
-3755
-15397
25456
2349
-25083
23031
8149
-23577
-27208
18002
-705
-7270
29542
-20846
18433
30320
-12579
-4364
-17661
-29791
-26941
-3382
21011
21481
-23655
18506
-10980
-10485
20887
-7155
-11773
-8517
5867
-25174
-29744
-14031
17216
-25573
-29833
10856
-18675
-24249
3967
22859
32608
3297
-12669
10531
9112
30582
11606
-13212
31626
-7569
-7561
-7910
1434
5328
-1503
5013
15232
-27011
24716
13077
20944
16095
-5989
25856
1980
-12229
-12769
-23210
-25246
-28374
-10153
20169
1368
-21859
4299
-25946
-5275
13474
-31238
-26215
29224
-18943
-5706
19210
5660
-1080
3807
21324
-14694
-21372
7247
7961
1766
-13084
23885
25859
29718
2113
-19421
-30561
-5704
-14252
-14004
-30839
22418
-12893
27542
-23912
-16541
25072
-32305
12818
-32694
17155
9325
1443
-21646
-30825
17160
-7221
-1892
-27801
7727
-26663
-29522
24688
11652
15710
16545
23516
10346
17527
32735
29356
-7773
-11129
17016
9172
-5094
12549
21429
-27658
8790
-31114
24553
-11711
-9053
6857
12356
16286
21176
6713
17947
-3563
21635
21834
23888
13369
20538
-3883
-11098
-16797
4404
276
7176
2649
12072
-10644
-4649
-26744
27665
-17437
13994
19971
1569
14141
-21234
19893
-10456
24466
-32082
5749
-22674
-17858
15211
7778
18842
-7309
4219
-8555
9613
25193
28737
3259
-12963
31452
27982
-31523
-21855
-24358
6998
15354
6270
10659
-7904
-17848
25213
23230
3992
-9137
-2941
24839
-10858
12512
14866
-23346
-16480
3462
-11179
18422
18203
32645
-30147
-21732
-909
-18407
-30907
-8909
8068
-32631
23966
-9613
-2609
9497
11249
1191
