-22906
27542
2971
-15568
12836
-7153
9736
-14807
5002
-15705
-15754
23527
-23102
-7349
16370
-9381
26439
25353
18631
-28565
19941
-9006
-11508
31924
-22190
-1620
29669
11808
-30404
28561
10516
706
-14279
-17523
15499
11896
4507
-10204
20815
-16316
-14059
-25400
10870
5731
25459
9484
-9116
-22796
24407
-24941
32165
30174
20772
-3416
6100
22521
-2053
24707
11653
-25563
28653
23927
30966
15747
-2522
-20526
-21958
-19641
-14237
-24574
-20794
-10554
-6210
-5570
26849
-1885
15829
16552
-12150
-6989
-4132
12855
-16895
-28515
23886
2509
10693
-20970
-5939
-9108
19855
-13851
31318
18397
27887
11009
32315
6139
9099
-23788
-163
-27635
4311
9124
-11468
-6401
12617
-27146
114
-13459
-26137
-26963
22370
17913
-24281
2377
-21610
-4509
11006
-6686
23827
-22092
19788
-2907
-2155
-6062
-17149
-23040
12961
20387
19494
-15775
24640
9537
17111
-12800
-12463
31377
-28822
11992
-7553
-3016
7889
-21282
-14210
-23953
-30520
-10976
-3125
18132
15124
-9007
5349
28684
27427
20293
-28575
-11029
-11273
-14225
16204
23532
28485
11962
1648
8136
27153
-10186
21830
-20749
-8065
-22456
14134
-8073
-30027
28988
7118
-10640
25595
-23010
-16192
-25193
25948
-30138
-10515
-22443
-24662
-23077
12340
12571
17541
22843
19164
-11703
-22326
27710
-21123
18136
-28111
-8870
-24350
-22810
32007
19061
-29706
28463
20247
-27141
12768
-7014
26656
23397
-20696
497
21445
20415
4586
2616
-11482
-5593
4279
4691
17224
-32204
-20098
-30343
18204
5919
-21115
-3756
-31143
279
7687
1651
-25704
-22431
-29540
16381
12386
-446
-15216
31403
24702
-32682
25655
-451
28299
1013
18549
-28196
-23631
18055
-20384
22345
26368
-18682
-1163
13646
14082
28849
-28956
7757
-11357
-26556
10622
29404
-7756
18764
-7372
24597
13960
-1154
-23835
4158
-25990
7175
21471
-12480
-19363
1959
15927
10136
14404
32627
7256
-21388
2536
30031
8929
-25886
9198
26994
-7704
-16473
-29683
-28930
29861
24312
-1462
13355
-9557
23887
-25053
29391
21068
13501
27551
-319
-11786
24638
-13382
15509
26867
24152
-5940
-10835
22308
-4467
4087
3042
-7965
-19815
-6200
25123
26054
-13642
24529
17097
-30814
9602
-10193
-11298
-11175
-24756
-25521
-24372
3172
-17854
-29430
1099
-23071
10967
29957
3432
-8964
-20963
8414
-6141
14829
-21428
-14746
11240
8383
20458
-8656
1084
-23648
29563
10628
-49
3155
-15681
-28577
25870
4625
-8917
-32337
11700
247
22108
-21058
24736
-2119
8290
-12787
2345
-6606
-20509
12965
18783
2344
-29389
-19069
-14083
19904
26228
-22197
14100
11457
-23248
12593
2126
-4769
8315
24997
27016
31178
-788
9485
-15712
12981
-18402
-20263
-27193
1655
28867
10647
14974
-25724
31488
16684
-10186
11514
-18682
4904
4299
-10554
-22431
-3404
-19117
22607
28171
-2926
27045
-15611
-4236
-4209
5242
1106
3648
30619
20378
3639
5228
-9505
7618
23969
29364
-9064
20903
31986
-30366
-1361
25242
15
-17507
-29320
-29528
-8915
-20584
-961
-15386
7732
-17532
7215
-1254
7291
-8400
-1850
16894
-12472
-3766
-15254
-24608
-17620
25403
-16182
25015
2835
-6975
-14308
16284
-18035
-13409
-13265
-27886
-30559
-6872
-29735
-31383
-20258
-32736
-7436
8084
21684
24278
2857
-17749
-26883
21026
-25491
-23196
-18317
-6416
9224
-10424
-22083
-8282
32471
11828
23575
32329
20032
-15289
29619
21344
-14142
-25088
12288
-22907
-31269
-3122
-15276
-6638
29426
20805
21945
-4423
-14886
15217
10112
23266
26382
20721
-31214
-23701
22922
-4876
7068
-21359
-32188
19486
1540
32538
4270
-17359
-14716
-23290
-14441
21751
-32739
7885
1353
14725
-7222
-20744
10490
-31239
28682
-20119
-19283
-17752
-20864
-15686
-17958
-273
19026
-10878
5099
26314
6660
-27514
-7153
10536
-7699
-21788
-31211
-15091
19291
-19334
30466
28789
11862
23598
14772
26710
-28131
-20288
23086
2769
-27855
-20963
4659
7982
-30531
13294
-26257
13071
14987
-15008
-8780
5189
25353
4582
-5777
-10422
19227
23091
-30602
16752
-16744
23645
-19330
16497
-26128
32008
29482
-23429
-2217
10356
22013
-18006
-11177
1589
23529
10748
-30350
22275
-15565
3444
-19724
20335
-27828
-13807
-10042
14005
-4694
14961
19366
-23949
11757
29532
5266
-22616
25623
22589
-17050
-30453
21874
-18477
-16805
-30005
-28564
16083
6040
3152
22760
2029
283
14323
6083
29473
-13104
-5292
20067
-17110
-21944
-7087
-12073
-8726
2594
-1439
-20463
-21654
-25654
10244
19702
-26042
4585
-22820
-14890
14007
30310
13519
10483
20996
22776
-12602
28099
19965
9603
-20412
-2851
11998
32355
2930
5637
19234
24948
29461
8943
-331
2016
16284
-10477
-5451
24249
28928
-9740
-14862
-10546
27063
-7987
26422
-2368
-29575
16377
-5406
13364
-20345
1849
-27962
30553
-16357
-17242
-8503
-7259
-8308
14841
12882
32508
-18624
3143
-6613
-11008
-11457
1694
11191
-17244
-14228
30645
-18832
24066
30366
-15972
-28836
-4111
-8591
35
-31884
5064
10834
-16805
-9260
29057
21231
-23926
18291
-29080
22654
3150
2179
9107
-14907
-16422
25525
19168
-25162
-5245
-32298
27415
-24615
-21354
17956
-23859
213
22779
-3966
19745
-8197
12076
-6353
-26321
11372
-11892
-14761
23654
-2737
29475
-10139
-26620
8892
28237
-20373
-20966
15598
24101
-6293
12388
9043
8393
26119
21214
-8630
-9957
-31657
23384
10158
30619
-2898
28094
25618
-16666
-18941
24833
17032
-3229
15773
22514
28551
-1892
12111
3860
-25903
17915
-15577
1858
18496
32598
7418
15651
-27325
4726
27673
23169
-4581
-26185
-7523
31494
24404
-8567
4459
1955
-1926
-21889
-5179
-18436
-10387
1792
-26826
13642
8739
20587
20422
9394
18500
19727
-22734
-1821
23342
-30735
-10109
-22302
-14980
-10473
-26250
-31763
5681
2974
20745
28222
1656
-7690
24701
14411
514
-25329
6764
3983
29710
19283
-7703
13046
5306
-14429
6698
15952
23112
642
-27448
10882
15727
1820
-9852
-3835
17984
9079
-15197
-17989
-32125
-31080
25652
26173
16168
-6233
30440
21852
-27359
-8782
24074
30033
-14171
2644
31675
504
28321
-16303
2737
29951
30347
-12062
-1813
22500
15512
25101
4037
24260
10019
-32479
14745
-31540
5989
-28244
-12406
5948
27722
-3136
32124
27797
5333
-19215
13417
-3870
-1811
-17496
-13885
-16398
7484
23132
-5330
-28117
-11922
-4475
17037
-8706
10949
-30466
-9876
-31302
26716
21920
1108
-26390
-29960
26061
6220
-27658
-18681
-1208
-6865
-28109
3580
7798
-30628
18360
22093
-20652
-30315
-15040
29092
-22845
24130
28188
9646
13458
24600
31361
5892
13330
-26101
-24598
3835
28547
19704
-24246
18711
-11780
-2170
-3854
-7792
-18726
8706
2021
-15276
31694
-10155
-13813
-26547
309
32752
25115
2487
-3303
13947
-7808
-20841
-4542
10653
4566
11226
-17073
292
-23609
30286
5570
-31197
-4433
1489
25789
8720
-18292
-3071
-6024
32106
-25888
-26519
-21384
30496
-29236
4813
-28839
23425
-24645
-25243
7505
-23438
-12161
25509
-13353
-18198
-10048
19312
-8671
18488
32294
-1436
-19551
30434
10429
-27843
10257
9328
30723
30623
26075
9680
-16975
-30685
-27588
27876
-3114
-20130
6399
-26094
-18890
-4769
31348
-17260
-14802
6954
203
16890
-17466
3998
30620
19029
-12000
-1266
-11194
-14416
10984
-12489
7595
2425
-18176
-12164
26306
-24121
-19653
20050
10262
18768
21152
7673
18761
18976
25384
-28632
-20404
13223
23309
27661
-18585
12247
-7700
-17648
17463
-15388
-24023
-2779
-29323
-13714
-19916
20680
3297
2795
-31289
10471
12478
-16656
-4608
5992
19613
5548
4571
-18930
-25272
28759
-11872
-20953
23777
-10210
-31919
-9316
17941
-1857
27050
-29285
-975
-16145
-31507
-30757
28004
3759
15915
31533
-8020
16981
29526
28663
-3448
6007
-22902
6635
-31466
-27905
-10849
-11810
16125
-18687
-14390
-30839
13888
14229
14734
-8284
16708
459
29862
-6553
-5815
26517
-11806
-31943
-10023
-10284
26009
20222
-29260
-7597
-23039
2338
14358
-17693
17679
28089
-14382
-10421
-3779
-8537
16553
31729
17193
30332
-19728
-16580
-2662
16539
-1437
-30363
-20309
16858
-24953
-30810
20506
12060
-23616
7011
21078
27934
4902
20393
28779
-24114
19187
-3157
3853
13605
13085
-5974
18868
-20047
7452
8105
-30567
-25215
-15512
-22026
-20215
32427
-27064
14950
2878
28399
3685
12066
-11166
-11703
22517
-21083
-16569
-12138
22622
-22410
-14576
-11317
1718
-8725
32072
-26437
-4165
-8520
532
23185
15041
1192
11858
-27373
-8414
-13489
-2084
-10037
-1578
-15322
29275
26813
-25843
-1162
4464
-17953
-8335
589
-1491
-27227
-27089
-11378
-14714
22916
23329
207
-12512
22584
21530
-8804
-30339
-163
28706
10642
-24481
5908
-8488
-30877
-6831
-30082
-16513
-32591
16999
3436
-1740
4397
-14262
18308
-2177
1026
15210
25741
16860
30833
-32086
-18235
-14576
25785
-16542
-21945
9073
2178
414
-31521
3308
7068
873
10620
-16217
4643
13800
26038
24673
-30446
-15943
19255
-24740
22623
25398
-4782
23422
17362
3509
694
-7286
-17582
3459
29634
1662
16739
-23223
28049
19887
11125
16781
-18723
-30227
-7272
-2425
2080
7123
-30135
-25338
23281
-21097
-12664
2720
13015
-3928
-30284
5179
-15465
-10247
14792
-30568
-20976
-25865
-32328
-12341
-26868
-12285
21864
27631
3493
5529
1819
24948
8007
32435
-4992
4470
-10391
-29625
16615
25282
8836
6850
2770
394
12078
-15837
20958
29750
17849
5306
9974
17677
24805
-10447
8344
-9529
-29608
14882
30893
-2387
24707
10260
-7847
-7772
32324
-14275
-15441
-4641
11207
-27787
-25094
-11809
26202
7424
-19020
-5866
16636
-28284
4027
24978
-17188
30368
-16411
8597
-25138
-12683
-23822
-18347
27140
-2523
-13570
5414
-8412
-30444
-7758
19447
-6903
-2552
-4453
-30313
-20175
30198
13298
5148
-25113
11053
31104
20403
23435
-3286
12802
18294
13342
23053
5349
1247
-27344
24940
26318
14297
15222
907
-20542
2132
27127
-716
-2645
28980
-23401
5988
11990
-19328
17888
13518
20555
-13445
30093
1958
16887
-20123
-23443
2112
12525
-5387
-32602
23994
17801
16784
26193
264
-22525
8736
-6634
-24301
-31557
-17081
-7643
-5677
17386
-5128
27799
8132
-20201
750
-32152
-21492
18572
26919
-10085
29097
-23280
-16866
2012
-14476
-3607
-15910
17626
-11459
16147
-18096
-6906
-5969
-1724
-18312
11414
-29109
-28795
28314
-3636
13644
-1341
26020
2694
-24566
15519
19772
27799
-28044
7774
-31334
11252
-9499
-4858
29303
16805
15051
10490
-23897
29056
-1613
-21664
-22893
-21129
13048
4724
14017
-10785
-25666
-6187
2401
23639
-24112
15899
29461
-20598
-10108
-135
-6374
15942
-31200
-4686
-30174
32687
10804
-11301
-13587
-18230
16046
-17592
22496
-1223
28520
-27122
10968
-7878
-16314
23849
-14820
27623
-8130
-7193
-30456
-6382
570
18133
26508
3388
-31075
16722
-8214
21888
20568
-1234
24177
29711
-9608
-18446
6922
17292
29170
-7267
5920
455
-24969
-25151
-3921
-4727
-22452
-4618
28985
-24216
-22732
-7828
17349
30338
-919
9038
-12056
18236
14542
15244
-3794
4193
-20901
28068
31757
9054
29160
-20330
-27154
-32323
-27749
19858
-18570
491
-21506
-445
31532
-16974
-20780
-6462
-553
7948
15944
19950
12464
3497
3618
-11589
-20550
21927
23362
-4024
31174
32220
24317
-16583
17507
3259
-27204
25684
7181
-16110
25528
4518
-29739
26752
19849
19314
32401
-26649
-21020
-27910
-23278
-2505
14628
18927
-11909
-2050
17944
-15531
-18313
-11862
22744
9294
8811
-29297
23269
-28840
-2299
3323
14480
-29635
-7618
13145
-26982
-16781
-31074
-32698
24360
15857
-28925
-14455
13501
18564
18185
512
11738
-9755
24164
8741
13642
-15590
-3869
25923
-24520
21883
-26083
27009
-24973
-20757
31799
4926
31948
32216
15174
20157
3336
-26839
-2401
-32
-23943
6126
-27750
-23943
-22405
10289
28162
-23716
3870
14703
26389
9981
13842
9475
32356
-5016
30428
-24404
16696
-4957
7788
-29299
-8030
-12609
-7725
-10983
16800
21580
-6928
21057
29644
-17521
-5613
14195
5075
-450
4076
-11646
28729
-9489
20451
18720
-24183
-1779
1631
-18521
-13874
9277
24047
-21910
-3348
-12341
11053
7128
-12154
28181
29595
-8166
23793
27708
28507
30028
-13993
-26493
18925
-16987
19392
3216
-10928
-3995
30921
-30020
-3649
15800
18792
-19945
-22496
-17308
-12886
17613
-855
-7858
-10944
9041
-4704
2991
29266
-30021
-22760
-9989
-28756
-24734
-30020
-1143
-13861
4756
3108
-1261
22064
22797
-15308
-12802
-22041
-19191
-27749
-13975
26174
11198
16500
5176
5573
30776
1718
16203
11384
-28274
-21806
-24512
-28093
8502
-10443
-12037
18865
25331
-4299
8180
1833
-27332
-12133
29006
-24058
7093
-11983
9585
-8997
-14616
-7347
-12422
29739
28298
-3802
-11254
-21584
11739
26027
-17854
16340
12099
-11700
-3289
10797
3804
-4900
28988
19004
-21759
-27528
20950
32304
-14085
-16631
3427
-8291
-14210
-7751
15639
-29579
-8532
21122
24529
1868
14744
-6570
31279
-5998
-11433
-9825
-13307
-27233
-27009
-18665
13810
21791
-13325
-9024
24958
-15638
-22079
26607
-4148
-16597
13524
21728
-15060
28061
12848
12012
17144
-1931
3893
3325
-27586
23300
-22955
-420
-28600
9964
-23798
-27196
2579
13080
-893
-24929
-7131
26551
2339
-22628
24142
-20181
-28653
-26339
-8347
-26691
-26915
-23984
-29673
-26204
28986
6171
31552
-25805
5808
13548
275
16008
-23736
18090
7050
-18059
14103
-32221
17740
16841
19570
32565
31173
-13043
-29965
-21337
26748
-4679
13373
-29359
4808
-9088
-8652
15049
347
20300
-26454
26580
-5784
2295
-18847
10456
-16063
-10259
-29221
-18884
-27148
-20522
9887
2696
-29920
-16055
-29904
-29827
-890
28665
-25956
-18288
17394
17460
-21022
-29488
14364
-198
-23807
-3958
13781
8269
20653
-19000
3458
13481
-32229
-9235
11885
-11832
13329
-7640
7783
-14990
-27744
23187
15370
-25453
-30989
-2887
-21748
-11571
-26093
-24458
-23474
17532
27918
-28135
1528
-25226
4543
-18011
28959
-25028
30156
819
2824
10571
-29461
27422
-5404
17450
2555
-8547
13732
-6059
27781
-26972
-3783
-7151
15721
-12742
-12822
1939
-14957
5608
-10139
22700
15564
29041
1111
26477
6257
6743
3937
-15917
21332
-9073
-15929
24359
297
-21483
16689
25723
9208
-23777
26997
8684
-13926
-9390
-4444
-761
13006
17082
21757
9207
-10946
-16083
6409
18147
-13899
-15567
29455
15868
23075
-27286
-32173
5530
7413
2791
-9494
-18994
-31351
-7470
-14224
-7302
11526
-17626
807
6997
-8633
26952
-19957
-5629
-10446
-22081
-32432
21484
10917
-12543
23109
27207
-22512
-16212
-30014
-22873
-8094
-1431
29215
3268
4334
29571
25040
10936
26399
3373
8598
-9067
-773
-6373
-19286
-29861
-27128
28700
-17053
-26813
-13561
-21193
23285
-17006
-223
6334
14226
9070
29017
-9241
32124
22133
11918
-17747
-4716
-32422
-11716
-31586
2548
-13549
-9130
-23591
-401
5799
-26268
2554
21408
16817
-13037
4469
22745
-26158
-23451
1897
25863
-25714
28549
28684
-20981
19951
3204
9940
7652
17478
10908
-23055
-2533
-27801
-3910
-26483
-14629
32482
-23915
-6414
-25754
18990
31951
15719
421
14366
11362
10525
12572
10882
-29224
-24970
-12515
-27100
-30562
-17656
-23794
8770
9729
-17924
-14819
-24049
11007
-14721
-8828
-26539
-27014
26545
-1746
4309
-15417
-19513
9967
2712
-744
-28509
10862
17889
-4694
10553
-21764
-6968
2132
27321
-2238
1199
9120
-23790
11909
17654
14444
-18761
-21998
-20020
26718
7923
-16963
-3612
-23729
2403
-5028
-6334
4756
17544
-7097
-20626
5607
7769
2917
2715
29883
-19276
28381
27543
-4129
-2487
32421
30188
11261
3387
28218
4230
8907
23534
-10225
10260
-23777
-4639
-2618
5127
10965
-15091
24231
-7803
19899
-26482
-30433
4982
18409
-16047
-1749
-24345
-813
22792
-27858
-18505
3865
-8264
-18691
24331
-17487
-16148
4068
25188
-14544
29692
28050
-9402
7952
-5414
1578
-12825
-25318
16642
21926
-31479
-17383
11894
26750
7547
24633
9635
-18951
27828
28422
-7289
-23721
9475
4160
-1443
18922
-13932
-25101
10105
-24601
16026
-18550
25665
-24015
-22329
-21617
-9835
540
-29156
-16243
-16779
-2833
13443
30596
-20819
-29769
-31379
15706
-19417
32481
22573
25878
5076
-19030
-8053
-30835
-19819
-6262
27282
-27814
-5198
23195
23135
7314
-22830
1128
-29503
-2746
-6448
-29506
-19826
5778
-9963
-18493
31945
-30532
7010
7682
4717
7214
-6073
-22671
18378
24904
-9729
29192
-31659
-23010
7529
-2250
-32518
13294
-29312
19199
26031
31116
14267
15457
10116
20829
-3994
-4571
-7674
-28573
-10060
29589
14100
24293
-28337
-13153
-400
-24729
-22457
31792
8673
15507
-25273
-32676
16783
-23027
-22739
18907
-30851
26612
21999
-32621
25037
16208
15284
16121
-11193
6613
17131
-31947
-10460
22371
24767
78
-26798
32582
-7255
19284
29082
-7271
-11190
15185
-21288
7141
-9945
-17139
9202
-2955
-20088
5813
-8288
-29283
17097
-6631
-32408
-7216
23398
17539
23837
-28448
13369
-21815
-20178
-25684
6819
-23351
-11088
-21991
-27658
-15742
22255
-13567
-92
-29136
-3278
-5874
-24604
-23150
-8728
25712
6008
-4754
-25399
11465
-31671
-13665
6340
-11303
28198
-13061
-15808
378
-10052
-26899
20049
-5527
-26196
19020
31316
32121
-13688
16933
-28011
7372
21667
12481
-12915
24520
21874
-27205
-8138
-17122
18185
30306
-16655
-6122
-30088
172
-17128
11735
-18192
-2986
-23300
-25472
8192
-20851
-12289
12088
-14920
11891
-20346
-11631
-30379
-32551
-23992
359
-15574
-15717
-9339
15112
12528
25603
-1852
8112
15264
-25866
12670
-22243
-1578
5064
30777
-17819
-9845
-10561
6486
-8921
-11640
-26942
2066
6635
280
2615
-28846
-19885
-10032
-12304
2907
-26318
-19559
13014
3450
-16905
22393
9387
31175
-23076
-23422
-11117
-24057
15244
-13191
30228
10633
-12157
9841
25778
22345
-13599
5077
-27011
18214
-26353
410
7404
27488
-11663
-4012
-23194
11203
-19213
-27169
16494
-6314
-30352
-13702
-10002
-24829
8479
25833
2467
-17003
3438
-30036
-14275
-304
-12964
20238
18052
-15621
-10383
13578
11049
14023
-21486
-28174
31629
-7090
364
-15572
-29619
-14964
-16612
-23124
-3004
16596
-20174
-29410
-13041
29512
31156
10321
14062
5371
4170
5328
9029
15641
13904
-15568
-20619
-32402
-8037
29459
13904
29590
-1541
25142
-17268
17054
-18853
25790
25872
-19446
4364
-373
13357
-17879
-31730
-25011
20944
17226
2746
-32531
-1785
-3034
7229
13288
615
-21835
-3763
-27959
-19895
-9727
9923
14384
-1168
27052
-15467
32434
12527
21706
20012
-20560
10446
2911
-17612
21532
-17343
-25431
27713
-814
28455
29018
-20165
-18649
-23265
6006
-10116
13418
-30587
-6996
9332
11854
-24124
21052
11780
20663
17019
19654
31633
-16821
-22765
-15236
-6417
-14752
29076
-6587
-3755
-14715
-17659
31489
-2338
-20086
-27339
10727
-18872
24399
-17401
-3145
22438
-11749
-271
-30262
26308
27247
-8571
6990
-7096
-15399
-22046
21619
-20263
-10688
9819
-13464
24381
-1054
32345
-22124
-27858
28804
20869
26561
11464
-3786
29972
-17127
-10505
16905
22571
-5570
-31663
12886
-26250
-15870
12429
30979
29140
-1165
-14645
27222
26405
19209
-31493
-29183
21591
6722
13555
-2957
6972
14386
-29323
-25518
-20938
17457
11488
-28933
24004
-9494
13591
8832
13805
5546
19321
7591
5998
-6688
-4067
20530
31153
16166
27877
-10589
9546
20742
32659
-11501
23861
1900
27311
-3979
728
-11960
21142
-22524
-16017
8619
-10859
-26946
21150
-15335
-31339
7629
25216
1076
25952
25002
-5882
-63
-6179
29055
15647
-16860
-17477
-27558
16200
4106
24388
-29640
22611
24100
-7499
-8800
-13560
-20400
9922
26617
4141
12389
19236
22776
-29859
-28071
5750
15795
25923
-27091
4495
-18987
27916
-25760
28280
15380
2261
30853
-3470
-8817
-4130
-31666
15707
-932
-8402
7887
22314
5534
-7211
31205
-25817
30780
15983
-24495
11269
-32524
-19129
-11445
-11411
-22787
15765
10468
-17934
28791
17006
-31326
17920
-24881
-7139
30347
-18676
-32270
5667
7732
27543
-21873
-31627
-443
-20366
2522
-31475
18355
-6738
-13356
30541
-23047
-5459
-18666
5467
11889
-32041
-20881
3670
12235
-14713
31751
-18255
-28748
-16698
-30746
-9380
2807
4649
-2780
-13624
-2946
-30735
22056
31439
1321
-14462
21593
-20800
-30364
-941
-3138
-679
-6335
-24068
26818
-2737
-2140
-29086
-21698
-9679
-7529
3186
16459
25514
8207
1191
895
-2896
5748
17750
-22046
30935
24412
-25910
-3277
-7698
32123
23478
-14032
-27341
15944
2427
31007
2359
18279
-12854
-32382
-11898
-12268
-12695
18043
11687
-7283
8895
-21258
3230
28071
-3817
29979
-29234
15148
-25249
-16930
26046
-3320
-11246
24332
-32281
25504
15910
10705
-26008
25952
7614
-30968
26440
12440
-18284
-12454
-20982
26609
-2995
28317
-30732
-22256
27795
29046
27849
13525
4338
26928
23238
-17993
-16634
25758
-8694
-15112
9662
-9035
19463
1227
-3606
21630
-27162
8484
22664
20879
-6607
-22945
-27415
-11454
29221
30377
-18921
-26168
-15555
11841
31111
12947
7654
-6685
9635
-18000
-24605
31532
-947
-8035
2289
15758
-9042
-19311
-23747
7775
-15112
13537
11138
8330
-31023
5665
-9452
-30845
26038
24434
6435
28926
11599
-18862
-22667
9002
-22661
18495
25710
-12866
-27661
-7316
26558
-11733
20803
-6812
-31382
-30690
-2846
7624
-15412
-23017
-881
-32640
-6302
-7533
31487
-7125
3696
-13879
32451
-25412
29181
-14727
-4825
-9248
-27709
27768
-641
-3970
3912
-22692
-26300
27379
8106
28294
16817
20305
23012
853
12197
21361
-494
269
20095
-10635
-19128
-24213
-21671
32064
31499
26413
7479
2059
-30106
-3620
7670
-4920
-28202
-23107
3372
19613
21616
31936
28647
-16939
17628
25342
15400
15791
-18722
18581
-14148
13527
-18285
-20514
27254
1354
34
23994
-26014
3532
-32597
3818
-24913
24565
-11998
6597
-16273
-185
18028
-5413
-20415
-13688
-29078
29220
32713
-6048
2306
2839
12092
18992
23544
-9602
-3039
-16644
-26550
-1708
12791
-26050
2800
31819
-32039
22274
29119
-26162
-10946
29372
19259
3839
29096
12508
-31637
23820
-5480
-7109
-11856
-10238
21230
26802
5866
-11652
-25920
-12431
-19962
-13848
23884
-19458
-2454
-326
2109
8736
21223
20834
-20021
20163
26120
28799
16741
3147
12990
29042
-30659
3859
22265
6821
-28703
-16427
21254
-26812
-15152
-3815
-26775
-20031
30226
-12653
10042
7127
-2991
-28641
18405
32538
-15044
-14802
8718
6333
28970
-5972
-28978
-28358
15661
25699
22479
24883
4789
-3459
2027
16994
-24663
14138
-9434
2608
-14453
-24203
-1305
26789
-7635
-8329
-8348
-14574
21739
-5272
-19319
-5165
-6141
32177
32394
-1429
-29235
-29607
12621
-24185
21392
27813
26873
16752
-31961
18852
-23272
30248
13918
-27450
29729
-28696
3630
-10119
-27202
-25525
-25198
-27542
7676
-19300
-29652
-26283
-2551
9710
12674
31344
-29250
-11589
3059
9807
-22334
21555
-5888
-28122
13785
-19891
9316
-17446
-6748
-5171
-451
1223
26908
-6866
11344
-9319
-11306
4487
22737
-21758
-23482
2284
27543
-954
-26350
-26433
-2001
-17399
9180
27211
6723
-17262
-4107
28892
-10444
19640
-5091
8174
389
-7269
-20441
-27434
30194
-3748
19595
5772
21189
5385
-30465
-31966
-30879
335
8809
16473
-18062
-5558
13539
-2328
29502
13979
-24794
-416
-20275
-23073
30175
-4412
31341
14448
25122
27086
6668
-28852
24850
28852
18912
14598
-4298
-24919
19878
10353
-22591
26687
16641
-6254
-14400
5426
6071
-19179
-29808
31450
9944
-15684
-26473
5365
8813
-13447
-14102
27161
-10301
6594
29412
4094
26580
-26272
-8735
1890
20032
16630
22806
-9579
-13058
-27106
-12057
-10334
29180
10298
-18442
-20927
22222
31610
-8507
13685
-22001
4470
-5136
26690
-1165
6813
10325
6527
-10573
25825
6901
-2373
9273
-1837
-18323
19629
-9653
16474
-6614
1802
-15117
28970
25473
-24243
-25910
-26520
18921
14343
4745
-16718
-27085
-9192
-7178
-5885
32478
12018
-11713
-11701
-2400
-14343
-25857
6045
10780
-6531
-8865
20005
21379
-32372
-19325
29482
-16112
-20838
1763
6211
1695
20965
22027
18924
-21780
-8820
-12846
28655
-5331
-11332
-18723
26465
-14239
-149
3187
18081
24957
16544
-21620
6521
5306
6775
1630
-20635
-22698
-21709
32271
25756
17738
-20286
-23192
-1945
-9460
-7858
-15056
22620
-21780
22595
2760
14753
10439
-17895
1838
17387
-27701
18482
-25269
-17858
-23441
859
-9342
-29409
-10247
-4985
-30673
10622
-5438
-6630
-6614
-25144
-28239
19841
19135
-31091
-4442
19642
25253
-31374
-8131
-16336
30032
-17718
-26005
23463
-31268
-8864
32656
-23742
8814
-1465
-20055
20769
22624
11535
14053
30816
-2844
-26046
-10422
15518
20914
29739
31005
-29454
17802
3697
-4751
-4821
20754
-30213
-2612
10154
-2114
-462
21650
-20379
10098
-13645
-7831
63
12264
17470
-29699
-16966
-1909
1164
-5968
19300
23279
-6636
-14926
23191
28876
16657
-14342
30307
-28903
3843
-13394
-1824
22984
-13499
1713
25180
20868
9615
25353
-10247
-30018
-2898
12981
-10253
-14600
-12939
22647
-12349
-15120
-16395
-18966
16694
18801
-18032
-31948
-4138
28381
17299
-24721
-24606
-11965
-546
-30676
-22739
28106
-23679
-29124
16129
8561
-14811
32506
19664
-13974
12807
9784
28296
16332
-14012
4809
-4044
-18702
22953
10220
-28284
-20407
4684
27290
-11037
-13470
8184
-23948
26098
-23668
-21307
-315
21971
22144
24399
6823
5895
12727
6017
12788
-132
-24574
11685
-1158
-30774
-8525
903
6784
-3468
15997
31218
-2211
-9002
-30999
27240
25529
-5856
-9130
24452
-27539
-22979
18455
184
-6107
29775
-5443
-21805
674
-31952
10764
19811
-19489
10075
27019
-8941
28913
7563
1411
9488
-4359
13106
16599
26764
-31150
-27594
29159
22889
25401
23216
29106
-29816
28384
-11784
-2673
22514
30374
4692
20801
-12604
28473
-15713
11281
-24437
-16247
-17652
-5093
3178
3062
-13396
-4643
-30255
20590
-11911
-20235
-14242
-12211
-2419
-20476
-20057
-10994
18074
2557
2608
-6380
15437
-23279
-32354
8896
11394
14802
22309
14779
17099
28710
7467
24555
-16180
-104
26251
9162
9110
-21455
8316
-29458
5386
8967
15185
-22970
-29304
-32020
19368
19084
6875
18101
-23487
31402
21742
28256
-12479
-6471
-1061
-13
-24617
-11751
17027
-18147
27908
-32555
21886
18411
11241
-18408
-25400
17492
-9526
-25070
-20833
19819
-16959
-30479
4475
-28599
17080
18062
12688
-8711
-9875
23571
-24826
578
21479
-17480
18791
10443
-3362
23635
3414
-9112
24761
11138
-24740
7548
721
2765
-17340
27830
13670
-3601
-23493
22705
25695
17211
-28609
15902
-25127
1762
-31617
-9991
-28712
-23698
23903
-27302
28545
31484
10656
-30759
3976
2147
27858
-22657
12134
1035
-9829
-7517
-26443
13776
2069
-32216
-2731
30006
28900
31330
-9583
26873
13065
114
-12280
-2163
7140
-11594
-1826
-16204
15453
22714
27077
-22809
11059
-11003
-24963
29166
-10289
25357
-1039
9945
23890
-6006
28866
21469
13599
15770
-19372
15264
-2079
18646
12204
-10435
24180
14748
-14811
4505
-22334
-28451
19185
5901
-17490
3721
-32506
-15656
-9333
-1296
2610
3409
15518
13303
22422
-15921
30652
23587
25596
-1883
18815
-10994
-29069
3254
28993
-5719
-22344
-21754
-12399
-4937
-15765
-12625
2022
-31638
8286
18161
5638
-19119
-13783
-24362
25360
16088
-30073
23769
-7642
7304
-11339
-13324
11071
-30956
-656
31156
5040
-2655
15064
-8571
556
9978
-7466
-24620
2370
28468
26507
27808
-29479
-15038
-24755
2661
-16178
24261
23434
-23218
31899
23016
-21894
-18528
27516
18897
-8923
20725
-24856
25604
-24510
-5354
31242
-27607
-6209
-8539
-8552
-20038
9501
18724
-19681
379
22803
1815
28197
-13152
-173
831
17610
21931
32015
24414
22741
2418
7992
4730
22031
-31841
21623
9824
29016
-31963
12460
-7087
24200
23251
22258
6888
-10713
31477
17989
23317
-25356
-30572
-27626
-23176
-252
3962
13569
7042
-12185
3215
-5383
-3527
-23568
-17911
5746
-27829
19932
-5301
-13298
8651
12911
16477
-15148
14060
1664
28259
29441
-9507
-9265
-16345
-21687
3250
-19555
28723
-5784
-7839
-13422
-14813
16281
-31107
-23708
-14442
-17644
4470
-13163
4504
-21638
-12871
26072
-24473
25519
-9412
16623
22867
8449
-24908
14675
-27352
31862
-28175
2755
27566
-27735
-22881
-2887
6071
23759
20582
-27670
22590
-30354
-9662
18629
-10807
10189
2124
9353
30618
-18706
20133
-3363
-13062
7705
6719
29429
17389
23110
30470
4154
-23960
-28443
-31075
23214
-27666
18791
-5734
18695
-31061
-17574
-18489
-4960
-18775
21274
2177
-7715
-7787
25133
26076
-30491
-3919
-2795
-15118
4968
-3202
28975
21809
2006
11882
13361
17786
-1667
-291
-26487
-30652
30893
1893
-4331
-24977
23820
-4929
-30920
-6372
21644
24099
-25643
-31682
-18633
-6507
-5163
-13089
-18208
25265
5986
-18595
-26820
-1454
-28056
-20720
-3369
-19087
6706
-19860
32021
-7296
9837
29175
-9174
28192
-32070
11810
-1563
16868
-28764
-13481
-13416
30434
-9726
26878
-11243
-11954
26053
-26247
18178
1000
-27586
-20878
-4114
12612
30708
-26557
19646
14203
-9234
-13179
9478
5772
-5666
-243
4879
27483
-29305
6385
-32437
6832
-22547
-31211
-16773
-30846
-21026
15011
-29129
19390
14424
32049
-28174
-4502
-399
-14390
29864
-13474
-19675
-27568
7930
10259
29042
13536
-14453
-30846
11223
-19422
17754
-5014
-7156
-31112
-8648
-31465
26710
31381
-20493
12581
21796
-12153
-25001
-8521
32761
21882
11926
-10940
5945
-760
1737
11192
53
-26779
-5806
17910
-8508
19509
4910
-20619
-18113
20397
-858
-13775
19050
-1908
6576
16416
9005
-14661
-13114
2599
25759
22178
-959
-10161
-27038
-26115
14398
8380
20275
-1352
-32207
24186
17235
16996
-20481
24804
19560
-6349
-5641
-8808
27191
-4326
18076
-22606
32205
-7800
-5726
-17480
22208
18101
-7542
28757
2110
1539
-26256
32095
11994
8068
29923
-2175
-29128
-21812
10228
13647
-2937
-2627
-18321
23280
-1132
-31907
-24962
-9484
-2370
-30358
-23999
-4976
21226
22037
-5239
24466
30626
-29711
14430
6868
-2673
7991
19890
-7756
-20052
9451
-26919
10520
4238
-3229
-14299
-2293
29073
555
-517
13232
31637
-32616
8131
979
-14864
-1586
-9495
408
-6918
-31200
7468
-19196
22700
-11006
-8466
-23160
14132
9381
11538
-9196
4550
-20320
8653
30904
-15695
-26816
-5567
-7497
29407
611
26423
3405
28408
-30979
-28703
6542
-18665
-19459
7553
6206
-26066
25289
27765
-24189
8180
-76
11063
-20113
-2591
12117
-14459
-26941
5248
9785
23796
29559
27384
-28602
29236
-15349
13149
-5179
-3891
-3334
25926
16166
-12005
-24734
11473
14252
-5786
6105
5792
4527
21416
2782
27127
-23577
7080
-2353
19498
-29425
-30963
-1298
17214
-28542
303
29844
28498
-15763
379
-8806
-3644
-31756
2723
-28654
1957
22913
30435
-29872
13880
-12815
-15627
19683
-29418
1678
25916
13899
3590
19190
-19939
16792
11686
-22202
22962
10567
2861
-32734
-17145
17180
-2335
-13825
20640
5201
4023
2143
-7235
31516
-10252
9584
26659
3423
-1920
-1271
-6011
16352
-10788
5185
30178
21028
20125
25158
-23135
-14616
14353
-7932
8781
-10282
-15614
18346
-17893
20786
23166
20360
14165
-18256
-26358
-8144
24505
1802
-30252
16429
-32622
874
-11911
28526
4378
-30371
-8291
8808
-12928
-31853
-27587
13286
-19148
-13099
-9522
12591
3908
27757
20900
22165
28497
9005
4229
9102
-21990
24367
10047
-13176
17853
566
-4967
30144
-15305
20615
-23421
-31941
-24484
-9171
13552
-8466
20773
17807
-31279
-15967
25763
-14581
-7021
-19206
-17509
-10122
-18166
6087
-30702
-27325
27219
11962
32213
6292
-11484
-12261
23067
-25770
-24288
30390
-10292
25958
25813
-3313
32240
31040
-11079
18323
7346
-8523
12396
32346
24461
-27101
12063
-3497
9047
-14249
-1181
-24332
12278
-29310
-24592
-29235
15519
3769
17443
-20092
9298
-18141
29269
-4836
4933
21666
17792
-6938
-14841
-25234
10688
-3412
4095
16876
25603
-31386
-8195
13837
-66
25436
20972
-29250
-27417
-26603
23167
17833
14881
-4027
9277
17776
-30452
27006
19591
-6133
30439
22968
495
7144
-11571
-22253
6009
22020
-2208
2364
19393
28268
-27850
-313
-24359
22224
28032
-8934
32230
6817
-23110
19356
-2640
16710
-6298
18086
-3440
-25024
-18996
8033
16500
-21779
-1721
19968
25055
7442
29956
-7179
-21067
-31570
-11623
18186
23574
-9196
-5178
16196
642
31524
16366
16570
-23792
30709
-24876
-17585
21915
3975
-553
15730
17908
-7584
26479
-12269
19554
-28407
-7571
-20745
18203
2887
15854
-8591
27387
20448
-223
-15669
1527
-15459
-8290
-23672
-9208
28643
2722
-4266
1142
16371
23407
5108
30352
-7535
-31169
16472
4789
-26469
-5005
-23897
6689
27141
-5994
-17721
28742
-28963
24566
26574
-15696
-23792
-1547
27168
4358
20882
-6470
-8304
5412
29428
12274
29078
12162
24637
-580
20371
-25720
8595
31878
-32278
-9150
-12221
-6908
-26651
-521
3519
-15931
13924
7888
-14832
-30481
25916
-29512
-6263
32412
26891
18326
-24759
-16733
-4691
-4739
-13464
8486
-13728
-3847
-7460
1520
-10595
7373
9850
1270
-18864
-30218
13489
6543
3448
6427
22999
2060
12260
-6837
623
20306
-5362
27609
-10317
11779
-7114
-5099
-25032
-29618
-30372
26584
-8119
1826
-14295
27839
-1570
26974
21859
11369
12280
-9870
-24714
-21463
9169
-2415
-29354
28468
-11462
-14720
23209
8602
-9040
409
10438
12049
13911
-25026
-19364
8859
13093
7488
-14561
-7077
22077
9713
13192
-27364
-25253
-3539
-26052
-2514
-26154
-20224
-17371
-26732
-724
14417
8652
21627
16524
18065
-29562
16913
30774
11608
-26494
-26347
32333
-29327
-5352
2905
-3315
16037
17510
-29301
-13825
31850
-18257
-30036
3614
16106
-14983
2067
-8795
-17531
830
20644
-5433
26350
-29382
27392
-18775
-7709
-16442
19684
1295
7349
3687
4616
-21687
3693
-14262
15719
12424
-26019
20929
-4785
-26470
27057
17677
-21163
18085
-31902
9206
28685
-597
-1861
-30005
-15500
-8209
-22850
12843
22879
-14095
-18828
24487
1036
6511
-3802
-685
-30012
31640
-13620
12057
-3743
-1732
4169
6760
-24772
10940
6018
5896
32228
-12711
-5817
-20503
28404
-22241
6759
18533
1758
-8979
14456
-30099
27577
-264
-12767
-28904
8024
-3599
-895
-1984
25206
-3669
-6455
-1238
17260
-12480
-2079
27099
-3691
26726
32009
-8862
8239
1601
6677
9187
7679
-24439
-16628
-29367
-2104
2722
8091
21834
16502
-32761
-16669
31999
-10488
26494
-1498
25533
-11313
-13657
-25370
23921
27280
14517
-842
-9730
-24385
4025
23599
-28290
4968
-24770
-31237
-24567
-23050
29683
25384
-22608
15474
30128
-25251
-20451
-22695
-21322
-956
-26477
25786
22959
9546
-31799
15137
-11069
-12968
-6400
-32478
-1384
-16138
11820
-6796
-26266
-4430
15058
-12552
-21674
10528
23057
-3266
-27106
24686
23529
7840
-14043
-13885
-7481
11121
13147
4583
-11140
8326
13418
17713
-31013
-29695
-8995
-11634
23166
8271
-13791
32718
21661
-20986
5047
31576
15926
-2334
17311
29939
-7169
28172
21681
21238
-5965
18586
24760
17332
27006
32147
2158
2919
-142
-9621
-3401
-12185
-16847
16348
27607
23047
28212
7687
-16002
-2864
-27029
-26400
-23145
26341
-5155
27773
6999
2931
16041
-30983
-7576
-554
-13436
-26535
-21020
19211
14655
-4001
25725
-821
-607
-10043
-19107
5273
-7836
-28425
-21623
-4286
-31325
-15548
29672
6367
-12310
-21581
-11433
14664
-14839
10211
-20673
-24697
17021
-15470
-11154
559
32661
1806
14676
-32628
-27159
2365
18032
26601
27147
4835
31043
-29352
-30733
2130
31591
22403
26339
-22677
-29022
6048
-30518
10608
-8476
12239
3141
-26744
-17850
27421
-29788
22368
20213
9965
-12616
23197
14435
-32727
-28466
15695
17920
-14568
-28936
-15814
26901
32566
20602
-27637
-23456
26545
-1815
28799
15946
-19106
21349
-16677
-6943
-24078
17715
-16144
7898
1063
22600
12687
28892
-22195
1965
9562
1880
-636
-27973
-13267
16811
-21213
10907
10783
-22232
11118
31899
31242
-8611
-17959
1560
20555
-19860
26415
26179
-24352
3900
16622
-5372
10280
-8629
14482
25332
14268
-31600
26735
-20439
-11579
7253
23519
-31057
-10962
14559
-6478
-7674
1129
-25765
3174
-27355
-30781
-23112
-26451
7596
-12361
22000
23863
-2611
756
-12664
-14367
30449
3836
-3907
23963
8476
-147
10954
-17806
15234
26333
25022
-14844
18324
6544
-26305
6129
-1483
23977
-8194
-11568
-11321
29036
-14846
-23720
-21704
32081
19995
8815
-23738
28302
31105
-14799
21828
6221
28431
19093
-15374
24628
-29879
-6929
8843
26484
2031
15370
-22078
-31595
-8776
-5471
4559
-18167
29565
3010
-13516
30118
-21165
-17136
4675
-18495
-27712
19261
1269
15670
21287
-23168
-14172
-27528
-28757
-20283
-2933
-30057
17643
-7931
-5704
-20820
-24761
26723
-19321
32223
-18633
-6681
19560
2962
-26967
-29059
-26522
-3452
31013
20328
15748
-30898
-10999
29206
1379
-17365
-30533
12168
-29963
-24898
12696
27313
-6451
9879
-10636
-31302
18896
22706
-28725
-18050
23459
-21121
-8976
-6038
20281
-7638
-29325
6755
22712
-31887
-5900
-16734
26428
-17584
-431
-3001
6411
5575
-30616
-25584
31519
-22120
-1705
-30969
-1159
-23397
-15743
-22061
-9455
-28473
29182
-23328
-1470
9274
10786
25445
28656
6782
-21118
-8317
20488
-8133
-2320
-14300
6694
-24531
-5536
8227
3601
-20415
-22971
-12838
-16595
23019
-13423
18690
-7244
-28761
-10663
19841
-1490
3619
6953
17048
5761
-8394
26836
-4752
-6314
5505
-14544
26675
20710
-23731
28507
18374
26646
-32641
8867
7245
16143
16070
783
16016
-18900
3041
765
14063
5671
27749
31604
-27888
6033
29407
8226
-666
-13866
13666
27639
-16710
6101
29673
8421
-23972
31558
27932
21005
-21181
-12633
11307
-9749
4293
-6187
-8882
-6555
-19595
4422
-22889
-25026
-2545
27297
-19449
-30515
-9754
-26556
20066
-23324
3659
-28080
-10953
23466
21351
-13915
6611
9099
-26010
5724
14830
10551
20927
24491
7222
32664
6702
-8771
-26862
1055
-7216
-31246
20674
18712
5954
-23864
-1953
-24880
-10347
-2758
-12341
-4012
-23879
-22037
-19246
-21090
29849
963
-15841
-4114
15867
-24104
11741
7515
8491
-7974
17296
-7091
-22985
23999
-9449
-22495
18283
-16517
24847
13832
23298
-27435
32399
30399
931
21153
-30194
-2234
12529
-25913
-3051
-13364
22972
-11116
-20326
-10862
30214
29518
-29667
-3606
-12723
12624
21467
31297
27338
18973
398
-26248
32370
29667
27714
7501
30196
-12890
-23488
7454
9633
6650
6541
18693
20231
31469
10022
-15594
20035
-16141
-26845
-14029
-23218
-2668
14033
12309
-21678
-10384
13989
11484
-29919
28038
30178
-27437
11104
23085
-25741
-14955
-21893
30686
-5921
9819
-6005
-11683
7629
30478
-4559
5342
-25858
25158
14203
-13607
-21492
22026
-27912
-19054
5581
-12465
6644
-28087
-18336
-1420
-13663
-26153
15623
6064
-929
-2865
-10413
28088
-31408
1632
-7714
7017
13423
-27976
22215
-2473
2495
-27232
4317
15209
11531
-27838
25662
13213
19994
23160
11485
-139
18294
-12544
32603
-13114
-14006
7714
-4347
20571
28520
28206
22344
29779
-30600
-1969
-25316
13926
-23484
-15386
-29028
-22261
14708
-362
29846
22340
5760
-8769
-28762
16168
-8487
-28105
8944
-31277
-26217
-4356
-14273
1768
32191
11127
428
8615
-202
-5008
2105
18989
-2885
19416
-31758
22995
-3657
-17254
-32613
-3324
-8364
247
-15392
-8256
-2103
10162
23546
7170
31453
-1326
-3049
-23153
31820
10118
11665
-17186
-10142
22406
26543
-19123
-10975
22719
-11001
-2025
-4081
292
-21927
22227
31889
18853
1032
15078
4723
23142
20686
-27221
-20029
-25303
-23046
17177
-27154
5953
603
5209
-32662
26212
-22934
-22482
-15226
-18886
-22711
654
-32450
30432
-29438
15711
-27530
-11502
-22118
-22995
6994
17328
-12750
10152
31226
786
9362
-22774
7065
31871
-23538
-1796
3043
-18234
-12508
16215
21451
-27484
-30385
11117
-1242
-12226
3442
21752
15881
-23604
-26175
18914
-5927
4020
13090
-13031
927
11684
19004
9682
9548
-18299
-10518
-19239
12383
12673
-22741
1544
2093
-24605
-19882
17788
18985
-1905
-16296
-29945
-23558
-29493
-11065
11031
-20961
14548
-19597
23001
-13315
-22403
-18143
1637
1996
27914
11251
12719
-854
-29962
-18548
-8913
28012
20550
-463
29954
10998
-17376
15597
22047
-3796
-13503
12660
-32376
27123
30416
17303
32236
17240
30022
6722
-1147
-32264
20212
16372
-14269
18157
-16247
-8860
-22822
-10501
-13132
23678
31646
19701
-2627
13607
-4295
-23560
13539
15048
475
-1125
11263
30812
27509
7940
5613
-9412
15695
-7716
-20666
27975
-26669
-30242
-24393
32490
19567
-4740
-17836
-13133
-17335
-431
-26988
18952
16606
30202
-1031
-31133
-27425
-9729
25488
-19358
16798
-14003
-11006
-27876
-28037
-26694
-22992
-29775
14574
-17468
-13503
21557
-18931
26667
-16819
3097
-16456
10629
18933
811
-16028
-28496
-26955
-30603
-12275
6641
-28424
2053
-27633
5562
19671
24381
1239
14515
7600
-23722
-28899
-21057
1144
10385
-22008
14443
18651
25048
-18172
-29536
-22282
23261
-20003
24665
26209
-26452
30063
-14782
25260
-19231
-11124
-15367
8187
-1267
24008
2392
-28879
-13071
-10008
-9817
6208
3667
9673
-16318
-26663
-6300
18202
12782
25084
-25459
598
32686
-17908
20642
-26672
4590
-125
-16508
25734
5250
22717
24744
32495
-22116
-7913
-29972
28239
20976
-28667
-8406
-13432
8693
24809
-26567
24753
-23479
-13708
13470
-30121
810
-15897
4909
32696
14013
27808
-10632
18616
25061
15561
-18205
-19754
-21725
19611
-5322
-28225
4902
24516
16244
10050
13045
29267
14391
7475
-23378
16975
8746
3139
-7064
1537
-13185
12936
-10220
-29762
8068
-23943
-20001
-26402
-7910
14616
-22250
-30332
20286
14858
-5761
4255
30935
-2363
29510
2057
-24213
-30715
-19212
-31480
14135
-19864
1244
-30820
24423
-2505
-23390
-1545
-23928
-4318
-23452
23320
462
-1836
-20451
-30538
13489
9088
-31118
18173
-32203
-9285
6145
-16921
-2441
31400
-8632
1856
31976
-24664
3711
32625
-10130
-30749
-607
7226
-25587
-9071
8385
18541
30806
-23521
-22323
15041
-25750
-31182
4928
-3424
-20372
-16388
-7178
23714
-5992
4869
-19530
9552
-15007
-20155
32100
-22614
-22008
-18090
-6586
24086
23209
-8250
-31004
-3081
17852
22021
-18304
-8002
-23867
9861
-17816
-215
-1290
-29293
-29501
-28807
23017
8274
-22231
-3088
-583
-1608
-31258
-19696
-27510
3852
2432
15858
2683
-9933
-17490
-25517
5201
10108
-26212
18540
5304
18479
-26371
-1420
-2461
15844
-116
2654
23942
7033
-6137
7604
2891
-26989
21443
-28943
15283
16792
-26931
-21620
-22174
31278
-23119
-7956
15558
-27028
-15633
25016
23929
-6289
4834
-22182
-18562
-15865
19737
-12849
-21156
17573
1641
-25891
-32447
30850
-23586
-3820
-2174
27520
-6929
13807
-5483
-5119
19264
3986
15009
-12117
46
-21732
-23176
-30976
-10473
-21807
-1277
-9061
-27655
15633
-18462
13198
-30776
3976
27930
-23850
-16216
15690
29777
-8737
-29956
20720
378
21201
6815
26506
-11536
18398
-12716
-10526
10480
29269
-646
-24725
-4477
28507
-20272
-16086
-27905
-26779
-13641
20256
-29548
18006
-25425
-31998
-14176
-514
18780
23403
-4879
-16339
24463
24167
-16341
12529
-12495
-11711
-8662
203
13779
16601
-12160
10865
7317
17937
-18521
32706
-16173
13574
-14196
-10474
-17832
18648
-8848
31588
1438
-8046
10176
-26818
-3969
-30333
4605
-21320
28865
-26605
-14210
-19530
-10110
-28831
1092
2234
3127
24568
21035
-10758
-5756
28386
-2338
-25881
-32566
8487
-10007
15035
-22728
2370
4991
-236
-7430
-3643
4960
1749
186
-23333
1461
-13430
17266
-24448
-27154
28956
-4983
15127
-8216
-17029
57
-8688
-31680
26613
-3865
-26210
8693
-15036
4255
18777
-15778
-7796
12668
-7054
-17785
-27854
4595
-2123
1505
-9358
-17212
5420
7684
-11001
8356
-16892
-7027
-4337
25265
-12163
-28473
-6828
-2175
9514
4297
-10509
4044
30428
30812
-9754
7673
-568
-12602
21226
-15298
-28031
4354
20633
-21675
1221
-27076
32335
-23031
-7807
27700
17288
-29853
10144
7184
8710
-29473
-16338
-25461
5585
-1970
14050
7147
30980
-21957
-31687
11989
4574
7093
-17717
-13034
19511
-14912
-26086
-15333
3382
9532
-8376
2635
-15912
-29342
10108
32398
-6831
-13572
20884
27773
-25160
6320
-17091
11917
-31982
-31278
-20401
26361
-32228
-28615
22824
24528
7549
16057
26398
-30080
7764
26939
6304
24071
5860
30679
-30150
-24536
29704
22561
-11918
-20153
566
-1985
-2419
7315
3872
1868
26567
-9462
4264
-15773
-8925
19741
11314
4202
431
4104
25271
25743
-5345
-7468
9482
-10863
-2888
2833
-5720
-25996
22040
7972
30234
11765
-24755
-14775
3402
-16773
27535
-28808
26475
1608
25624
-20759
-16456
-26997
12774
-19281
20542
-30885
75
20267
23147
29419
-15818
-15380
7862
-9175
13323
3722
25361
-14385
-4055
30827
28993
-28719
-31785
489
24808
32559
10519
9712
20698
-401
28676
5694
12976
-19302
30901
-27880
-22575
26568
30927
-25617
5066
-11808
-31493
-4001
-29349
-4409
-19889
28767
645
11765
-27643
25370
-8063
21582
25205
-10680
-30664
17737
10418
7961
234
27357
21639
-25973
29397
11161
-27645
9588
20714
15099
5907
-6797
28819
23136
16123
-3162
1027
-24054
4317
-27599
27462
-27877
-15599
-10040
-19116
-31110
31026
18916
27374
6819
-21511
-28710
-19132
13624
-2919
-23298
13638
8216
-26451
-7764
14410
-20477
-8727
2575
-8723
-8977
-18209
4409
2750
18291
9219
13544
-16040
-31687
-14429
22545
-31313
29786
26928
21644
-16611
-27133
-22715
-12052
3560
14992
31497
-1327
7681
22097
2081
-26621
8460
-30353
-22846
15821
-627
24223
27679
-15724
-6085
-1616
-19533
-4317
-28640
25152
-24175
24911
7183
-24167
-6279
-3768
-8537
-22465
24892
-2547
2273
29452
-6976
-5630
24553
-26441
-13378
18152
-9082
31874
-9244
-206
-10224
-26361
-23262
-8134
2766
-5484
23249
-27368
23206
13608
-19801
-15881
-8407
15044
-2604
-16836
21558
-14065
28045
-5679
-6193
-27774
-32140
17229
25908
-17028
3405
-2821
28634
-29129
9282
-7416
11320
-3013
-21893
27177
-15841
20636
1057
-12634
13855
9725
8114
26566
19267
23811
-26499
-424
10594
-10071
-20404
7302
-13280
18007
15145
28187
8197
-32136
18821
-28649
18880
3385
-30590
14208
-16599
24910
10785
-11608
21081
24003
16112
15755
30165
-22680
-7317
-19485
-722
-14234
30822
-24720
24747
-20132
-9180
-14265
-12980
21477
-14825
16609
-24127
-15767
-12508
12324
32529
776
29080
16677
-22050
32003
30124
-21206
-29722
17343
20076
28950
-9544
22976
12553
-13257
31463
-18376
-27348
-26985
-578
-1457
9438
12843
-17195
-26163
26514
29068
30576
7456
-3498
19217
-22529
7657
-18156
30428
-27953
-25709
21261
-10964
-15314
4815
-9054
10203
9943
23455
31993
21472
27884
-28796
-24004
2146
23486
26673
-10017
32426
4801
-4155
-4749
-9472
-3880
9407
18404
-2584
21689
-15405
31134
-1842
-29885
-1739
-20269
3738
27399
-24415
-18469
-13632
-12323
26529
-16122
21743
32448
12377
17027
8013
-19331
-32028
2848
30774
-25946
6413
-2876
-16203
19014
-1183
-13302
-25600
-19938
15217
-31329
23636
32472
-11743
-10702
-24073
1673
23028
9097
6538
-19078
21417
-1811
30797
-26759
32684
15557
-23987
29147
-13130
14301
-16480
7102
-1448
-18569
11095
9942
5715
-3773
31507
-24628
29920
14781
-24844
-23184
-26831
-26566
29780
-4357
673
-19007
4513
27007
21534
-23086
-10563
28305
-26051
-12072
10627
-14629
5921
-6533
-21294
-25025
22196
3936
3056
11304
1617
23980
12894
7177
18790
3226
26483
-16163
-27081
19729
-23386
-11732
-3916
-1372
9827
-28463
21611
-21973
3624
8616
-24421
22909
-10929
-1692
8499
-22411
-2151
19581
-21885
514
-28671
-24639
8638
31396
13351
11352
-4428
-218
12029
-30320
7035
16875
-2992
24058
9806
-20787
-26819
-16607
-5699
-855
-13675
11042
-16320
-17312
-12876
-6259
-3068
-12139
-299
-30943
-17079
-16702
22879
6054
15155
31863
16665
9559
22715
-19161
-5704
-20189
-24083
-3990
-18520
-6234
7410
-5360
5096
-10183
12521
-6289
11871
10704
-3014
-4296
9438
23425
-11159
12245
-31440
15843
1942
32269
15666
-21025
24861
11538
24189
-24855
27512
7073
456
15939
23384
-12314
30679
3594
-24849
-22776
-22380
-10910
16944
-10509
-22746
-24407
-25908
-9721
4969
29299
4086
26821
14606
3499
-5890
7288
9955
-21131
-27010
9414
17382
-998
-23604
15458
31337
-13425
1246
-7037
3334
-8557
-13278
13342
9119
-24540
-16348
-23779
20287
8052
-26235
9146
7247
-17741
25056
26497
22946
-1111
29950
229
-12809
-24711
-14192
-15676
-151
30495
15668
-7470
29038
12588
27053
-22067
18715
5283
-4338
1410
728
-29927
-14686
-3124
5556
16676
22332
1533
18955
-1381
25510
-29545
-23392
-5839
10580
2571
-16243
32087
23546
-4490
11520
-16344
-22284
6199
-13961
26456
-24285
8817
-16609
21180
18861
3616
18161
-3093
-1876
28529
-11266
-11086
30487
6894
28744
-19026
-18841
4960
27785
-22457
4604
-5466
-15753
-30593
18816
7370
21927
-684
-13458
7176
-26303
-20665
21965
15638
-11405
28843
-27571
-23986
-24793
-21258
32223
-16880
-31928
-2627
-21285
-20126
28171
15140
5819
-12640
15896
28732
-24969
10774
-4254
10448
-7446
-22532
19000
14597
14401
25343
-1382
-18481
-13110
1718
-7262
27459
19868
14292
-31172
-7984
-24219
-17046
-25276
-27872
24419
-9247
2354
157
23822
30073
-1599
16426
8009
12529
22840
-7961
14651
26093
-8559
-6908
3458
-3705
632
-2211
14936
-16848
-15510
-17310
-5014
-5281
17201
-9618
-20643
23347
-29887
17110
-7744
24953
-26380
29151
-31242
-12410
6999
15189
-19443
30719
-7916
-9740
31640
7095
5549
-829
-27960
-9611
-804
-16707
-21101
408
-21328
-22649
-30893
-21229
29303
-22810
1677
16471
-20035
-32278
-2286
20667
12882
22293
25251
21807
6589
-17013
-9871
24617
-19173
-1038
-3901
-27125
-9276
25789
-22856
-4820
-6443
-26464
9843
17820
-23058
-18628
-3435
-20645
22781
14126
6433
-11948
32051
23850
-9648
14647
18231
-1707
-5285
-24546
20234
-24532
-30301
-346
4922
-22412
-14602
23028
16462
-6668
22809
-2197
-561
-15565
27177
3582
-9585
22873
-3594
-2527
8589
-26593
749
-6876
28622
13530
-30894
-13878
-11915
15125
-29303
-28234
-8641
15947
32037
23911
-16864
-15904
-12623
-23717
-3218
-4660
8069
-19874
-10318
10020
-1400
-23537
10590
3907
-28534
26512
-11332
-28481
-7495
-17308
-19525
591
19715
-23205
-4446
-7270
-2132
-21187
15116
9636
18450
-1858
9788
6561
-19858
6302
22894
-6529
-19075
-32150
-8264
-10948
-28716
-19931
2124
17067
-7168
20459
-13852
13640
2148
21403
6712
8794
18014
21350
-27889
25596
2968
21817
29051
-29703
28038
5068
575
26922
31746
-14841
-18362
-15399
8443
-23716
28262
13066
-22208
2250
11535
-32059
19803
13610
-21558
-6526
-11755
21504
-9656
-22549
-1580
-9550
-24828
-26652
1977
15652
16496
-32655
1217
7424
-13150
-20906
3799
678
-15616
-18643
-13070
30057
-17146
7440
8782
-31070
10621
-26835
3986
-20154
17828
-31771
9055
-4898
23397
23850
32523
-17033
-15051
-32617
-17744
21451
-11993
18009
17908
-13980
26168
21478
-7934
31314
26931
-22193
3586
19007
21810
-2286
-11461
-31058
24289
-8729
-15751
25089
2336
-12857
-23200
31181
-12459
29396
-25648
12305
-13947
18441
-2641
30187
-20927
-30190
11796
-23861
14259
2163
-3327
27253
-10276
-17414
-6657
-19880
-17494
-18790
-16239
-26149
-14809
-20964
-29896
1463
12987
-21023
5353
7848
-8663
6903
-1797
-4717
-28544
-17515
-30332
-6304
13319
30932
32399
11836
23808
12762
-14863
9786
28580
24992
-17127
-25899
30565
-12346
-29368
-5031
-27882
140
-17619
7125
-20471
20839
16531
5313
-28113
-20360
13190
10066
-2548
-31754
6862
-28355
-26319
-21399
30861
12976
-4638
2391
23
-956
14694
25358
-15694
15652
16805
-20760
29246
26908
-22994
9496
-1660
20760
-30210
-21899
8921
27747
17098
-6130
6535
3955
-30184
30544
30199
5003
8073
5165
32234
-14919
27388
-3370
-22104
25047
24221
-26797
-18291
-30883
-21548
2464
-8787
-5037
-16539
11319
-10326
18375
26951
13317
-26080
6138
4345
-25852
27985
-2842
-19796
-5692
14631
4667
4323
-26861
-32054
-7194
10106
16613
24285
-29289
-1563
8829
10097
18819
16098
25151
-29182
1017
-9139
-7909
2056
-28083
-16299
13962
30491
-13512
-1069
-20552
22732
10316
31482
13970
-18088
8629
6062
-24726
-31964
-6752
-27347
25794
-29194
3352
802
16382
20253
-20737
-6220
-19352
-22949
17905
30793
-20143
24094
26999
-27672
15846
-14235
-29878
6199
-26156
32289
4426
24850
21466
31320
-2105
22546
26425
-10150
19799
-31744
-28470
30902
-29162
14502
-516
-30666
21876
23177
24663
26367
-8737
14085
30030
-1972
-11488
-24830
14257
-31388
-10578
8002
10513
-5827
26998
7361
-6155
6136
-27265
14010
2464
11863
-31872
12308
-12022
8259
-16396
-16616
27177
6441
1360
9595
5476
-7397
-7837
30747
4191
-21580
-30071
6381
22243
29336
-4259
7222
16341
-13425
2745
-23824
-24205
-2089
1892
13595
-18599
17557
-3091
20593
23757
-15671
-13402
5336
22757
18551
-22972
5113
11605
-16347
29850
20353
7287
-8263
32065
-11867
-2667
2857
20271
1687
-30242
-2133
22323
2310
-30317
-8720
19641
-28430
-8201
9037
31102
-23428
25880
-7706
-2636
-31274
-6692
26574
32486
6058
-5094
13053
5199
14947
7009
21064
15788
-3218
-21488
-15950
17450
-15998
25066
5091
8958
25505
6701
11778
-15912
23366
-13980
-28946
23239
-32563
18769
-26642
-15216
-26455
32221
-13222
10137
-148
28160
4560
-22350
28523
-2660
-4881
15595
20791
479
-14554
-10181
-13443
8296
10169
-27520
1548
17914
-19268
-24420
-18105
304
-23033
-18209
28548
-11625
-28792
1995
29015
22009
19550
22665
-18555
-2361
8861
-22439
-17545
30733
14995
29052
-9618
13112
-435
30579
-8068
-9837
-1056
21757
-14153
25931
-17563
11371
-29448
23271
-30837
7653
-6710
31269
-30097
-10575
18221
-22419
-26463
2550
32260
-26394
-21517
2051
-4953
-3311
28367
14681
23058
27843
1322
15875
-20007
13796
17818
-22829
13911
-13002
15817
11104
-7437
5660
7899
16647
21897
-14011
24735
-28996
19868
-16770
-29903
-24074
-5116
-6625
9733
13575
19617
-22806
20350
17349
31037
-10461
-30426
-25024
3502
4684
-25302
-6876
-4481
3905
-29753
-12710
31024
-6526
-369
14997
32046
-26416
24170
28882
28415
31551
152
32714
10035
25259
-20288
-6402
18899
-15397
-11812
-22668
7104
1398
3964
28869
24736
26625
-31529
-8369
7116
15018
-12111
18157
584
-31763
8040
-29537
23699
-25148
5944
-15098
10005
11329
-13574
-24835
-15519
1824
13970
-15438
-27311
26526
-14906
-3577
26458
-16381
12840
-8443
-30330
-8900
-3384
-21428
-29459
17615
-31611
22105
16121
27963
-31715
-7851
29107
-21147
-25962
13250
28818
-16119
12037
31975
-2424
11022
-15424
-6426
-16153
-18349
5815
12388
-14997
15003
-27919
26626
-12973
24712
552
12738
25500
-24674
-5918
21705
-6328
32281
23209
30083
3400
-21868
-5229
-16800
-21427
16204
29550
32311
-3511
-27900
17400
18751
1768
-28782
-583
-987
2
0
0
0
